Content-type:text/html

RunTime	Name	Arrival	BT	Start	USE	PRI	END	STATUS 
0	T6	0	6	0	1	20	1	 
1	T6	0	6	1	1	20	2	 
2	T6	0	6	2	1	20	3	 
3	T6	0	6	3	1	20	4	 
4	T6	0	6	4	1	20	5	 
5	T6	0	6	5	1	20	6	Finish
6	T5	1	5	6	1	26	7	 
7	T5	1	5	7	1	26	8	 
8	T5	1	5	8	1	26	9	 
9	T5	1	5	9	1	26	10	 
10	T5	1	5	10	1	26	11	Finish
11	T2	0	3	11	1	28	12	 
12	T2	0	3	12	1	28	13	 
13	T2	0	3	13	1	28	14	Finish
14	T3	0	10	14	1	29	15	 
15	T3	0	10	15	1	29	16	 
16	T3	0	10	16	1	29	17	 
17	T3	0	10	17	1	29	18	 
18	T3	0	10	18	1	29	19	 
19	T3	0	10	19	1	29	20	 
20	T3	0	10	20	1	29	21	 
21	T3	0	10	21	1	29	22	 
22	T3	0	10	22	1	29	23	 
23	T3	0	10	23	1	29	24	Finish
24	T1	0	10	24	1	33	25	 
25	T1	0	10	25	1	33	26	 
26	T1	0	10	26	1	33	27	 
27	T1	0	10	27	1	33	28	 
28	T1	0	10	28	1	33	29	 
29	T1	0	10	29	1	33	30	 
30	T1	0	10	30	1	33	31	 
31	T1	0	10	31	1	33	32	 
32	T1	0	10	32	1	33	33	 
33	T1	0	10	33	1	33	34	Finish
34	T6	0	6	34	1	36	35	 
35	T6	0	6	35	1	36	36	 
36	T6	0	6	36	1	36	37	 
37	T6	0	6	37	1	36	38	 
38	T6	0	6	38	1	36	39	 
39	T6	0	6	39	1	36	40	Finish
40	T6	0	6	40	1	36	41	Finish
41	T6	0	6	41	1	36	42	Finish
42	T6	0	6	42	1	36	43	Finish
43	T6	0	6	43	1	36	44	Finish
44	T6	0	6	44	1	36	45	Finish
45	T6	0	6	45	1	36	46	Finish
46	T6	0	6	46	1	36	47	Finish
47	T6	0	6	47	1	36	48	Finish
48	T6	0	6	48	1	36	49	Finish
49	T6	0	6	49	1	36	50	Finish
50	T6	0	6	50	1	36	51	Finish
51	T6	0	6	51	1	36	52	Finish
52	T6	0	6	52	1	36	53	Finish
53	T6	0	6	53	1	36	54	Finish
54	T6	0	6	54	1	36	55	Finish
55	T6	0	6	55	1	36	56	Finish
56	T5	1	5	56	1	46	57	 
57	T5	1	5	57	1	46	58	 
58	T5	1	5	58	1	46	59	 
59	T5	1	5	59	1	46	60	 
60	T5	1	5	60	1	46	61	Finish
61	T5	1	5	61	1	46	62	Finish
62	T5	1	5	62	1	46	63	Finish
63	T5	1	5	63	1	46	64	Finish
64	T5	1	5	64	1	46	65	Finish
65	T5	1	5	65	1	46	66	Finish
66	T5	1	5	66	1	46	67	Finish
67	T5	1	5	67	1	46	68	Finish
68	T5	1	5	68	1	46	69	Finish
69	T5	1	5	69	1	46	70	Finish
70	T5	1	5	70	1	46	71	Finish
71	T5	1	5	71	1	46	72	Finish
72	T5	1	5	72	1	46	73	Finish
73	T5	1	5	73	1	46	74	Finish
74	T5	1	5	74	1	46	75	Finish
75	T5	1	5	75	1	46	76	Finish
76	T5	1	5	76	1	46	77	Finish
77	T5	1	5	77	1	46	78	Finish
78	T5	1	5	78	1	46	79	Finish
79	T5	1	5	79	1	46	80	Finish
80	T5	1	5	80	1	46	81	Finish
81	T4	1	10	81	1	51	82	 
82	T4	1	10	82	1	51	83	 
83	T4	1	10	83	1	51	84	 
84	T4	1	10	84	1	51	85	 
85	T4	1	10	85	1	51	86	 
86	T4	1	10	86	1	51	87	 
87	T4	1	10	87	1	51	88	 
88	T4	1	10	88	1	51	89	 
89	T4	1	10	89	1	51	90	 
90	T4	1	10	90	1	51	91	Finish
91	T6	0	6	91	1	52	92	 
92	T6	0	6	92	1	52	93	 
93	T6	0	6	93	1	52	94	 
94	T6	0	6	94	1	52	95	 
95	T6	0	6	95	1	52	96	 
96	T6	0	6	96	1	52	97	Finish
97	T6	0	6	97	1	52	98	Finish
98	T6	0	6	98	1	52	99	Finish
99	T6	0	6	99	1	52	100	Finish
100	T6	0	6	100	1	52	101	Finish
101	T6	0	6	101	1	52	102	Finish
102	T6	0	6	102	1	52	103	Finish
103	T6	0	6	103	1	52	104	Finish
104	T6	0	6	104	1	52	105	Finish
105	T6	0	6	105	1	52	106	Finish
106	T6	0	6	106	1	52	107	Finish
107	T6	0	6	107	1	52	108	Finish
108	T6	0	6	108	1	52	109	Finish
109	T6	0	6	109	1	52	110	Finish
110	T6	0	6	110	1	52	111	Finish
111	T6	0	6	111	1	52	112	Finish
112	T6	0	6	112	1	52	113	Finish
113	T6	0	6	113	1	52	114	Finish
114	T6	0	6	114	1	52	115	Finish
115	T6	0	6	115	1	52	116	Finish
116	T6	0	6	116	1	52	117	Finish
117	T6	0	6	117	1	52	118	Finish
118	T6	0	6	118	1	52	119	Finish
119	T6	0	6	119	1	52	120	Finish
120	T6	0	6	120	1	52	121	Finish
121	T6	0	6	121	1	52	122	Finish
122	T6	0	6	122	1	52	123	Finish
123	T6	0	6	123	1	52	124	Finish
124	T6	0	6	124	1	52	125	Finish
125	T6	0	6	125	1	52	126	Finish
126	T6	0	6	126	1	52	127	Finish
127	T6	0	6	127	1	52	128	Finish
128	T6	0	6	128	1	52	129	Finish
129	T2	0	3	129	1	61	130	 
130	T2	0	3	130	1	61	131	 
131	T2	0	3	131	1	61	132	Finish
132	T2	0	3	132	1	61	133	Finish
133	T2	0	3	133	1	61	134	Finish
134	T2	0	3	134	1	61	135	Finish
135	T2	0	3	135	1	61	136	Finish
136	T2	0	3	136	1	61	137	Finish
137	T2	0	3	137	1	61	138	Finish
138	T2	0	3	138	1	61	139	Finish
139	T2	0	3	139	1	61	140	Finish
140	T2	0	3	140	1	61	141	Finish
141	T2	0	3	141	1	61	142	Finish
142	T2	0	3	142	1	61	143	Finish
143	T2	0	3	143	1	61	144	Finish
144	T2	0	3	144	1	61	145	Finish
145	T2	0	3	145	1	61	146	Finish
146	T2	0	3	146	1	61	147	Finish
147	T2	0	3	147	1	61	148	Finish
148	T2	0	3	148	1	61	149	Finish
149	T2	0	3	149	1	61	150	Finish
150	T2	0	3	150	1	61	151	Finish
151	T2	0	3	151	1	61	152	Finish
152	T2	0	3	152	1	61	153	Finish
153	T2	0	3	153	1	61	154	Finish
154	T2	0	3	154	1	61	155	Finish
155	T2	0	3	155	1	61	156	Finish
156	T2	0	3	156	1	61	157	Finish
157	T2	0	3	157	1	61	158	Finish
158	T2	0	3	158	1	61	159	Finish
159	T2	0	3	159	1	61	160	Finish
160	T2	0	3	160	1	61	161	Finish
161	T2	0	3	161	1	61	162	Finish
162	T2	0	3	162	1	61	163	Finish
163	T2	0	3	163	1	61	164	Finish
164	T2	0	3	164	1	61	165	Finish
165	T3	0	10	165	1	62	166	 
166	T3	0	10	166	1	62	167	 
167	T3	0	10	167	1	62	168	 
168	T3	0	10	168	1	62	169	 
169	T3	0	10	169	1	62	170	 
170	T3	0	10	170	1	62	171	 
171	T3	0	10	171	1	62	172	 
172	T3	0	10	172	1	62	173	 
173	T3	0	10	173	1	62	174	 
174	T3	0	10	174	1	62	175	Finish
175	T3	0	10	175	1	62	176	Finish
176	T3	0	10	176	1	62	177	Finish
177	T3	0	10	177	1	62	178	Finish
178	T3	0	10	178	1	62	179	Finish
179	T3	0	10	179	1	62	180	Finish
180	T3	0	10	180	1	62	181	Finish
181	T3	0	10	181	1	62	182	Finish
182	T3	0	10	182	1	62	183	Finish
183	T3	0	10	183	1	62	184	Finish
184	T3	0	10	184	1	62	185	Finish
185	T3	0	10	185	1	62	186	Finish
186	T3	0	10	186	1	62	187	Finish
187	T3	0	10	187	1	62	188	Finish
188	T3	0	10	188	1	62	189	Finish
189	T3	0	10	189	1	62	190	Finish
190	T3	0	10	190	1	62	191	Finish
191	T3	0	10	191	1	62	192	Finish
192	T3	0	10	192	1	62	193	Finish
193	T3	0	10	193	1	62	194	Finish
194	T3	0	10	194	1	62	195	Finish
195	T3	0	10	195	1	62	196	Finish
196	T3	0	10	196	1	62	197	Finish
197	T3	0	10	197	1	62	198	Finish
198	T3	0	10	198	1	62	199	Finish
199	T3	0	10	199	1	62	200	Finish
200	T3	0	10	200	1	62	201	Finish
201	T3	0	10	201	1	62	202	Finish
202	T3	0	10	202	1	62	203	Finish
203	T3	0	10	203	1	62	204	Finish
204	T3	0	10	204	1	62	205	Finish
205	T3	0	10	205	1	62	206	Finish
206	T3	0	10	206	1	62	207	Finish
207	T3	0	10	207	1	62	208	Finish
208	T1	0	10	208	1	66	209	 
209	T1	0	10	209	1	66	210	 
210	T1	0	10	210	1	66	211	 
211	T1	0	10	211	1	66	212	 
212	T1	0	10	212	1	66	213	 
213	T1	0	10	213	1	66	214	 
214	T1	0	10	214	1	66	215	 
215	T1	0	10	215	1	66	216	 
216	T1	0	10	216	1	66	217	 
217	T1	0	10	217	1	66	218	Finish
218	T1	0	10	218	1	66	219	Finish
219	T1	0	10	219	1	66	220	Finish
220	T1	0	10	220	1	66	221	Finish
221	T1	0	10	221	1	66	222	Finish
222	T1	0	10	222	1	66	223	Finish
223	T1	0	10	223	1	66	224	Finish
224	T1	0	10	224	1	66	225	Finish
225	T1	0	10	225	1	66	226	Finish
226	T1	0	10	226	1	66	227	Finish
227	T1	0	10	227	1	66	228	Finish
228	T1	0	10	228	1	66	229	Finish
229	T1	0	10	229	1	66	230	Finish
230	T1	0	10	230	1	66	231	Finish
231	T1	0	10	231	1	66	232	Finish
232	T1	0	10	232	1	66	233	Finish
233	T1	0	10	233	1	66	234	Finish
234	T1	0	10	234	1	66	235	Finish
235	T1	0	10	235	1	66	236	Finish
236	T1	0	10	236	1	66	237	Finish
237	T1	0	10	237	1	66	238	Finish
238	T1	0	10	238	1	66	239	Finish
239	T1	0	10	239	1	66	240	Finish
240	T1	0	10	240	1	66	241	Finish
241	T1	0	10	241	1	66	242	Finish
242	T1	0	10	242	1	66	243	Finish
243	T1	0	10	243	1	66	244	Finish
244	T1	0	10	244	1	66	245	Finish
245	T1	0	10	245	1	66	246	Finish
246	T1	0	10	246	1	66	247	Finish
247	T1	0	10	247	1	66	248	Finish
248	T1	0	10	248	1	66	249	Finish
249	T1	0	10	249	1	66	250	Finish
250	T1	0	10	250	1	66	251	Finish
251	T5	1	5	251	1	66	252	 
252	T5	1	5	252	1	66	253	 
253	T5	1	5	253	1	66	254	 
254	T5	1	5	254	1	66	255	 
255	T5	1	5	255	1	66	256	Finish
256	T5	1	5	256	1	66	257	Finish
257	T5	1	5	257	1	66	258	Finish
258	T5	1	5	258	1	66	259	Finish
259	T5	1	5	259	1	66	260	Finish
260	T5	1	5	260	1	66	261	Finish
261	T5	1	5	261	1	66	262	Finish
262	T5	1	5	262	1	66	263	Finish
263	T5	1	5	263	1	66	264	Finish
264	T5	1	5	264	1	66	265	Finish
265	T5	1	5	265	1	66	266	Finish
266	T5	1	5	266	1	66	267	Finish
267	T5	1	5	267	1	66	268	Finish
268	T5	1	5	268	1	66	269	Finish
269	T5	1	5	269	1	66	270	Finish
270	T5	1	5	270	1	66	271	Finish
271	T5	1	5	271	1	66	272	Finish
272	T5	1	5	272	1	66	273	Finish
273	T5	1	5	273	1	66	274	Finish
274	T5	1	5	274	1	66	275	Finish
275	T5	1	5	275	1	66	276	Finish
276	T5	1	5	276	1	66	277	Finish
277	T5	1	5	277	1	66	278	Finish
278	T5	1	5	278	1	66	279	Finish
279	T5	1	5	279	1	66	280	Finish
280	T5	1	5	280	1	66	281	Finish
281	T5	1	5	281	1	66	282	Finish
282	T5	1	5	282	1	66	283	Finish
283	T5	1	5	283	1	66	284	Finish
284	T5	1	5	284	1	66	285	Finish
285	T5	1	5	285	1	66	286	Finish
286	T5	1	5	286	1	66	287	Finish
287	T5	1	5	287	1	66	288	Finish
288	T5	1	5	288	1	66	289	Finish
289	T5	1	5	289	1	66	290	Finish
290	T5	1	5	290	1	66	291	Finish
291	T5	1	5	291	1	66	292	Finish
292	T5	1	5	292	1	66	293	Finish
293	T5	1	5	293	1	66	294	Finish
294	T5	1	5	294	1	66	295	Finish
295	T5	1	5	295	1	66	296	Finish
296	T6	0	6	296	1	68	297	 
297	T6	0	6	297	1	68	298	 
298	T6	0	6	298	1	68	299	 
299	T6	0	6	299	1	68	300	 
300	T6	0	6	300	1	68	301	 
301	T6	0	6	301	1	68	302	Finish
302	T6	0	6	302	1	68	303	Finish
303	T6	0	6	303	1	68	304	Finish
304	T6	0	6	304	1	68	305	Finish
305	T6	0	6	305	1	68	306	Finish
306	T6	0	6	306	1	68	307	Finish
307	T6	0	6	307	1	68	308	Finish
308	T6	0	6	308	1	68	309	Finish
309	T6	0	6	309	1	68	310	Finish
310	T6	0	6	310	1	68	311	Finish
311	T6	0	6	311	1	68	312	Finish
312	T6	0	6	312	1	68	313	Finish
313	T6	0	6	313	1	68	314	Finish
314	T6	0	6	314	1	68	315	Finish
315	T6	0	6	315	1	68	316	Finish
316	T6	0	6	316	1	68	317	Finish
317	T6	0	6	317	1	68	318	Finish
318	T6	0	6	318	1	68	319	Finish
319	T6	0	6	319	1	68	320	Finish
320	T6	0	6	320	1	68	321	Finish
321	T6	0	6	321	1	68	322	Finish
322	T6	0	6	322	1	68	323	Finish
323	T6	0	6	323	1	68	324	Finish
324	T6	0	6	324	1	68	325	Finish
325	T6	0	6	325	1	68	326	Finish
326	T6	0	6	326	1	68	327	Finish
327	T6	0	6	327	1	68	328	Finish
328	T6	0	6	328	1	68	329	Finish
329	T6	0	6	329	1	68	330	Finish
330	T6	0	6	330	1	68	331	Finish
331	T6	0	6	331	1	68	332	Finish
332	T6	0	6	332	1	68	333	Finish
333	T6	0	6	333	1	68	334	Finish
334	T6	0	6	334	1	68	335	Finish
335	T6	0	6	335	1	68	336	Finish
336	T6	0	6	336	1	68	337	Finish
337	T6	0	6	337	1	68	338	Finish
338	T6	0	6	338	1	68	339	Finish
339	T6	0	6	339	1	68	340	Finish
340	T6	0	6	340	1	68	341	Finish
341	T6	0	6	341	1	68	342	Finish
342	T6	0	6	342	1	68	343	Finish
343	T6	0	6	343	1	68	344	Finish
344	T6	0	6	344	1	68	345	Finish
345	T6	0	6	345	1	68	346	Finish
346	T6	0	6	346	1	68	347	Finish
347	T6	0	6	347	1	68	348	Finish
348	T6	0	6	348	1	68	349	Finish
349	T6	0	6	349	1	68	350	Finish
350	T4	1	10	350	1	81	351	 
351	T4	1	10	351	1	81	352	 
352	T4	1	10	352	1	81	353	 
353	T4	1	10	353	1	81	354	 
354	T4	1	10	354	1	81	355	 
355	T4	1	10	355	1	81	356	 
356	T4	1	10	356	1	81	357	 
357	T4	1	10	357	1	81	358	 
358	T4	1	10	358	1	81	359	 
359	T4	1	10	359	1	81	360	Finish
360	T4	1	10	360	1	81	361	Finish
361	T4	1	10	361	1	81	362	Finish
362	T4	1	10	362	1	81	363	Finish
363	T4	1	10	363	1	81	364	Finish
364	T4	1	10	364	1	81	365	Finish
365	T4	1	10	365	1	81	366	Finish
366	T4	1	10	366	1	81	367	Finish
367	T4	1	10	367	1	81	368	Finish
368	T4	1	10	368	1	81	369	Finish
369	T4	1	10	369	1	81	370	Finish
370	T4	1	10	370	1	81	371	Finish
371	T4	1	10	371	1	81	372	Finish
372	T4	1	10	372	1	81	373	Finish
373	T4	1	10	373	1	81	374	Finish
374	T4	1	10	374	1	81	375	Finish
375	T4	1	10	375	1	81	376	Finish
376	T4	1	10	376	1	81	377	Finish
377	T4	1	10	377	1	81	378	Finish
378	T4	1	10	378	1	81	379	Finish
379	T4	1	10	379	1	81	380	Finish
380	T4	1	10	380	1	81	381	Finish
381	T4	1	10	381	1	81	382	Finish
382	T4	1	10	382	1	81	383	Finish
383	T4	1	10	383	1	81	384	Finish
384	T4	1	10	384	1	81	385	Finish
385	T4	1	10	385	1	81	386	Finish
386	T4	1	10	386	1	81	387	Finish
387	T4	1	10	387	1	81	388	Finish
388	T4	1	10	388	1	81	389	Finish
389	T4	1	10	389	1	81	390	Finish
390	T6	0	6	390	1	84	391	 
391	T6	0	6	391	1	84	392	 
392	T6	0	6	392	1	84	393	 
393	T6	0	6	393	1	84	394	 
394	T6	0	6	394	1	84	395	 
395	T6	0	6	395	1	84	396	Finish
396	T6	0	6	396	1	84	397	Finish
397	T6	0	6	397	1	84	398	Finish
398	T6	0	6	398	1	84	399	Finish
399	T6	0	6	399	1	84	400	Finish
400	T6	0	6	400	1	84	401	Finish
401	T6	0	6	401	1	84	402	Finish
402	T6	0	6	402	1	84	403	Finish
403	T6	0	6	403	1	84	404	Finish
404	T6	0	6	404	1	84	405	Finish
405	T6	0	6	405	1	84	406	Finish
406	T6	0	6	406	1	84	407	Finish
407	T6	0	6	407	1	84	408	Finish
408	T6	0	6	408	1	84	409	Finish
409	T6	0	6	409	1	84	410	Finish
410	T6	0	6	410	1	84	411	Finish
411	T6	0	6	411	1	84	412	Finish
412	T6	0	6	412	1	84	413	Finish
413	T6	0	6	413	1	84	414	Finish
414	T6	0	6	414	1	84	415	Finish
415	T6	0	6	415	1	84	416	Finish
416	T6	0	6	416	1	84	417	Finish
417	T6	0	6	417	1	84	418	Finish
418	T6	0	6	418	1	84	419	Finish
419	T6	0	6	419	1	84	420	Finish
420	T6	0	6	420	1	84	421	Finish
421	T6	0	6	421	1	84	422	Finish
422	T6	0	6	422	1	84	423	Finish
423	T6	0	6	423	1	84	424	Finish
424	T6	0	6	424	1	84	425	Finish
425	T6	0	6	425	1	84	426	Finish
426	T6	0	6	426	1	84	427	Finish
427	T6	0	6	427	1	84	428	Finish
428	T6	0	6	428	1	84	429	Finish
429	T6	0	6	429	1	84	430	Finish
430	T6	0	6	430	1	84	431	Finish
431	T6	0	6	431	1	84	432	Finish
432	T6	0	6	432	1	84	433	Finish
433	T6	0	6	433	1	84	434	Finish
434	T6	0	6	434	1	84	435	Finish
435	T6	0	6	435	1	84	436	Finish
436	T6	0	6	436	1	84	437	Finish
437	T6	0	6	437	1	84	438	Finish
438	T6	0	6	438	1	84	439	Finish
439	T6	0	6	439	1	84	440	Finish
440	T6	0	6	440	1	84	441	Finish
441	T6	0	6	441	1	84	442	Finish
442	T6	0	6	442	1	84	443	Finish
443	T6	0	6	443	1	84	444	Finish
444	T6	0	6	444	1	84	445	Finish
445	T6	0	6	445	1	84	446	Finish
446	T6	0	6	446	1	84	447	Finish
447	T6	0	6	447	1	84	448	Finish
448	T6	0	6	448	1	84	449	Finish
449	T6	0	6	449	1	84	450	Finish
450	T6	0	6	450	1	84	451	Finish
451	T6	0	6	451	1	84	452	Finish
452	T6	0	6	452	1	84	453	Finish
453	T6	0	6	453	1	84	454	Finish
454	T6	0	6	454	1	84	455	Finish
455	T6	0	6	455	1	84	456	Finish
456	T6	0	6	456	1	84	457	Finish
457	T6	0	6	457	1	84	458	Finish
458	T6	0	6	458	1	84	459	Finish
459	T6	0	6	459	1	84	460	Finish
460	T5	1	5	460	1	86	461	 
461	T5	1	5	461	1	86	462	 
462	T5	1	5	462	1	86	463	 
463	T5	1	5	463	1	86	464	 
464	T5	1	5	464	1	86	465	Finish
465	T5	1	5	465	1	86	466	Finish
466	T5	1	5	466	1	86	467	Finish
467	T5	1	5	467	1	86	468	Finish
468	T5	1	5	468	1	86	469	Finish
469	T5	1	5	469	1	86	470	Finish
470	T5	1	5	470	1	86	471	Finish
471	T5	1	5	471	1	86	472	Finish
472	T5	1	5	472	1	86	473	Finish
473	T5	1	5	473	1	86	474	Finish
474	T5	1	5	474	1	86	475	Finish
475	T5	1	5	475	1	86	476	Finish
476	T5	1	5	476	1	86	477	Finish
477	T5	1	5	477	1	86	478	Finish
478	T5	1	5	478	1	86	479	Finish
479	T5	1	5	479	1	86	480	Finish
480	T5	1	5	480	1	86	481	Finish
481	T5	1	5	481	1	86	482	Finish
482	T5	1	5	482	1	86	483	Finish
483	T5	1	5	483	1	86	484	Finish
484	T5	1	5	484	1	86	485	Finish
485	T5	1	5	485	1	86	486	Finish
486	T5	1	5	486	1	86	487	Finish
487	T5	1	5	487	1	86	488	Finish
488	T5	1	5	488	1	86	489	Finish
489	T5	1	5	489	1	86	490	Finish
490	T5	1	5	490	1	86	491	Finish
491	T5	1	5	491	1	86	492	Finish
492	T5	1	5	492	1	86	493	Finish
493	T5	1	5	493	1	86	494	Finish
494	T5	1	5	494	1	86	495	Finish
495	T5	1	5	495	1	86	496	Finish
496	T5	1	5	496	1	86	497	Finish
497	T5	1	5	497	1	86	498	Finish
498	T5	1	5	498	1	86	499	Finish
499	T5	1	5	499	1	86	500	Finish
500	T5	1	5	500	1	86	501	Finish
501	T5	1	5	501	1	86	502	Finish
502	T5	1	5	502	1	86	503	Finish
503	T5	1	5	503	1	86	504	Finish
504	T5	1	5	504	1	86	505	Finish
505	T5	1	5	505	1	86	506	Finish
506	T5	1	5	506	1	86	507	Finish
507	T5	1	5	507	1	86	508	Finish
508	T5	1	5	508	1	86	509	Finish
509	T5	1	5	509	1	86	510	Finish
510	T5	1	5	510	1	86	511	Finish
511	T5	1	5	511	1	86	512	Finish
512	T5	1	5	512	1	86	513	Finish
513	T5	1	5	513	1	86	514	Finish
514	T5	1	5	514	1	86	515	Finish
515	T5	1	5	515	1	86	516	Finish
516	T5	1	5	516	1	86	517	Finish
517	T5	1	5	517	1	86	518	Finish
518	T5	1	5	518	1	86	519	Finish
519	T5	1	5	519	1	86	520	Finish
520	T5	1	5	520	1	86	521	Finish
521	T5	1	5	521	1	86	522	Finish
522	T5	1	5	522	1	86	523	Finish
523	T5	1	5	523	1	86	524	Finish
524	T5	1	5	524	1	86	525	Finish
525	T2	0	3	525	1	94	526	 
526	T2	0	3	526	1	94	527	 
527	T2	0	3	527	1	94	528	Finish
528	T2	0	3	528	1	94	529	Finish
529	T2	0	3	529	1	94	530	Finish
530	T2	0	3	530	1	94	531	Finish
531	T2	0	3	531	1	94	532	Finish
532	T2	0	3	532	1	94	533	Finish
533	T2	0	3	533	1	94	534	Finish
534	T2	0	3	534	1	94	535	Finish
535	T2	0	3	535	1	94	536	Finish
536	T2	0	3	536	1	94	537	Finish
537	T2	0	3	537	1	94	538	Finish
538	T2	0	3	538	1	94	539	Finish
539	T2	0	3	539	1	94	540	Finish
540	T2	0	3	540	1	94	541	Finish
541	T2	0	3	541	1	94	542	Finish
542	T2	0	3	542	1	94	543	Finish
543	T2	0	3	543	1	94	544	Finish
544	T2	0	3	544	1	94	545	Finish
545	T2	0	3	545	1	94	546	Finish
546	T2	0	3	546	1	94	547	Finish
547	T2	0	3	547	1	94	548	Finish
548	T2	0	3	548	1	94	549	Finish
549	T2	0	3	549	1	94	550	Finish
550	T2	0	3	550	1	94	551	Finish
551	T2	0	3	551	1	94	552	Finish
552	T2	0	3	552	1	94	553	Finish
553	T2	0	3	553	1	94	554	Finish
554	T2	0	3	554	1	94	555	Finish
555	T2	0	3	555	1	94	556	Finish
556	T2	0	3	556	1	94	557	Finish
557	T2	0	3	557	1	94	558	Finish
558	T2	0	3	558	1	94	559	Finish
559	T2	0	3	559	1	94	560	Finish
560	T2	0	3	560	1	94	561	Finish
561	T2	0	3	561	1	94	562	Finish
562	T2	0	3	562	1	94	563	Finish
563	T2	0	3	563	1	94	564	Finish
564	T2	0	3	564	1	94	565	Finish
565	T2	0	3	565	1	94	566	Finish
566	T2	0	3	566	1	94	567	Finish
567	T2	0	3	567	1	94	568	Finish
568	T2	0	3	568	1	94	569	Finish
569	T2	0	3	569	1	94	570	Finish
570	T2	0	3	570	1	94	571	Finish
571	T2	0	3	571	1	94	572	Finish
572	T2	0	3	572	1	94	573	Finish
573	T2	0	3	573	1	94	574	Finish
574	T2	0	3	574	1	94	575	Finish
575	T2	0	3	575	1	94	576	Finish
576	T2	0	3	576	1	94	577	Finish
577	T2	0	3	577	1	94	578	Finish
578	T2	0	3	578	1	94	579	Finish
579	T2	0	3	579	1	94	580	Finish
580	T2	0	3	580	1	94	581	Finish
581	T2	0	3	581	1	94	582	Finish
582	T2	0	3	582	1	94	583	Finish
583	T2	0	3	583	1	94	584	Finish
584	T2	0	3	584	1	94	585	Finish
585	T2	0	3	585	1	94	586	Finish
586	T2	0	3	586	1	94	587	Finish
587	T2	0	3	587	1	94	588	Finish
588	T2	0	3	588	1	94	589	Finish
589	T2	0	3	589	1	94	590	Finish
590	T2	0	3	590	1	94	591	Finish
591	T2	0	3	591	1	94	592	Finish
592	T2	0	3	592	1	94	593	Finish
593	T2	0	3	593	1	94	594	Finish
594	T3	0	10	594	1	95	595	 
595	T3	0	10	595	1	95	596	 
596	T3	0	10	596	1	95	597	 
597	T3	0	10	597	1	95	598	 
598	T3	0	10	598	1	95	599	 
599	T3	0	10	599	1	95	600	 
600	T3	0	10	600	1	95	601	 
601	T3	0	10	601	1	95	602	 
602	T3	0	10	602	1	95	603	 
603	T3	0	10	603	1	95	604	Finish
604	T3	0	10	604	1	95	605	Finish
605	T3	0	10	605	1	95	606	Finish
606	T3	0	10	606	1	95	607	Finish
607	T3	0	10	607	1	95	608	Finish
608	T3	0	10	608	1	95	609	Finish
609	T3	0	10	609	1	95	610	Finish
610	T3	0	10	610	1	95	611	Finish
611	T3	0	10	611	1	95	612	Finish
612	T3	0	10	612	1	95	613	Finish
613	T3	0	10	613	1	95	614	Finish
614	T3	0	10	614	1	95	615	Finish
615	T3	0	10	615	1	95	616	Finish
616	T3	0	10	616	1	95	617	Finish
617	T3	0	10	617	1	95	618	Finish
618	T3	0	10	618	1	95	619	Finish
619	T3	0	10	619	1	95	620	Finish
620	T3	0	10	620	1	95	621	Finish
621	T3	0	10	621	1	95	622	Finish
622	T3	0	10	622	1	95	623	Finish
623	T3	0	10	623	1	95	624	Finish
624	T3	0	10	624	1	95	625	Finish
625	T3	0	10	625	1	95	626	Finish
626	T3	0	10	626	1	95	627	Finish
627	T3	0	10	627	1	95	628	Finish
628	T3	0	10	628	1	95	629	Finish
629	T3	0	10	629	1	95	630	Finish
630	T3	0	10	630	1	95	631	Finish
631	T3	0	10	631	1	95	632	Finish
632	T3	0	10	632	1	95	633	Finish
633	T3	0	10	633	1	95	634	Finish
634	T3	0	10	634	1	95	635	Finish
635	T3	0	10	635	1	95	636	Finish
636	T3	0	10	636	1	95	637	Finish
637	T3	0	10	637	1	95	638	Finish
638	T3	0	10	638	1	95	639	Finish
639	T3	0	10	639	1	95	640	Finish
640	T3	0	10	640	1	95	641	Finish
641	T3	0	10	641	1	95	642	Finish
642	T3	0	10	642	1	95	643	Finish
643	T3	0	10	643	1	95	644	Finish
644	T3	0	10	644	1	95	645	Finish
645	T3	0	10	645	1	95	646	Finish
646	T3	0	10	646	1	95	647	Finish
647	T3	0	10	647	1	95	648	Finish
648	T3	0	10	648	1	95	649	Finish
649	T3	0	10	649	1	95	650	Finish
650	T3	0	10	650	1	95	651	Finish
651	T3	0	10	651	1	95	652	Finish
652	T3	0	10	652	1	95	653	Finish
653	T3	0	10	653	1	95	654	Finish
654	T3	0	10	654	1	95	655	Finish
655	T3	0	10	655	1	95	656	Finish
656	T3	0	10	656	1	95	657	Finish
657	T3	0	10	657	1	95	658	Finish
658	T3	0	10	658	1	95	659	Finish
659	T3	0	10	659	1	95	660	Finish
660	T3	0	10	660	1	95	661	Finish
661	T3	0	10	661	1	95	662	Finish
662	T3	0	10	662	1	95	663	Finish
663	T3	0	10	663	1	95	664	Finish
664	T3	0	10	664	1	95	665	Finish
665	T3	0	10	665	1	95	666	Finish
666	T3	0	10	666	1	95	667	Finish
667	T3	0	10	667	1	95	668	Finish
668	T3	0	10	668	1	95	669	Finish
669	T3	0	10	669	1	95	670	Finish
670	T1	0	10	670	1	99	671	 
671	T1	0	10	671	1	99	672	 
672	T1	0	10	672	1	99	673	 
673	T1	0	10	673	1	99	674	 
674	T1	0	10	674	1	99	675	 
675	T1	0	10	675	1	99	676	 
676	T1	0	10	676	1	99	677	 
677	T1	0	10	677	1	99	678	 
678	T1	0	10	678	1	99	679	 
679	T1	0	10	679	1	99	680	Finish
680	T1	0	10	680	1	99	681	Finish
681	T1	0	10	681	1	99	682	Finish
682	T1	0	10	682	1	99	683	Finish
683	T1	0	10	683	1	99	684	Finish
684	T1	0	10	684	1	99	685	Finish
685	T1	0	10	685	1	99	686	Finish
686	T1	0	10	686	1	99	687	Finish
687	T1	0	10	687	1	99	688	Finish
688	T1	0	10	688	1	99	689	Finish
689	T1	0	10	689	1	99	690	Finish
690	T1	0	10	690	1	99	691	Finish
691	T1	0	10	691	1	99	692	Finish
692	T1	0	10	692	1	99	693	Finish
693	T1	0	10	693	1	99	694	Finish
694	T1	0	10	694	1	99	695	Finish
695	T1	0	10	695	1	99	696	Finish
696	T1	0	10	696	1	99	697	Finish
697	T1	0	10	697	1	99	698	Finish
698	T1	0	10	698	1	99	699	Finish
699	T1	0	10	699	1	99	700	Finish
700	T1	0	10	700	1	99	701	Finish
701	T1	0	10	701	1	99	702	Finish
702	T1	0	10	702	1	99	703	Finish
703	T1	0	10	703	1	99	704	Finish
704	T1	0	10	704	1	99	705	Finish
705	T1	0	10	705	1	99	706	Finish
706	T1	0	10	706	1	99	707	Finish
707	T1	0	10	707	1	99	708	Finish
708	T1	0	10	708	1	99	709	Finish
709	T1	0	10	709	1	99	710	Finish
710	T1	0	10	710	1	99	711	Finish
711	T1	0	10	711	1	99	712	Finish
712	T1	0	10	712	1	99	713	Finish
713	T1	0	10	713	1	99	714	Finish
714	T1	0	10	714	1	99	715	Finish
715	T1	0	10	715	1	99	716	Finish
716	T1	0	10	716	1	99	717	Finish
717	T1	0	10	717	1	99	718	Finish
718	T1	0	10	718	1	99	719	Finish
719	T1	0	10	719	1	99	720	Finish
720	T1	0	10	720	1	99	721	Finish
721	T1	0	10	721	1	99	722	Finish
722	T1	0	10	722	1	99	723	Finish
723	T1	0	10	723	1	99	724	Finish
724	T1	0	10	724	1	99	725	Finish
725	T1	0	10	725	1	99	726	Finish
726	T1	0	10	726	1	99	727	Finish
727	T1	0	10	727	1	99	728	Finish
728	T1	0	10	728	1	99	729	Finish
729	T1	0	10	729	1	99	730	Finish
730	T1	0	10	730	1	99	731	Finish
731	T1	0	10	731	1	99	732	Finish
732	T1	0	10	732	1	99	733	Finish
733	T1	0	10	733	1	99	734	Finish
734	T1	0	10	734	1	99	735	Finish
735	T1	0	10	735	1	99	736	Finish
736	T1	0	10	736	1	99	737	Finish
737	T1	0	10	737	1	99	738	Finish
738	T1	0	10	738	1	99	739	Finish
739	T1	0	10	739	1	99	740	Finish
740	T1	0	10	740	1	99	741	Finish
741	T1	0	10	741	1	99	742	Finish
742	T1	0	10	742	1	99	743	Finish
743	T1	0	10	743	1	99	744	Finish
744	T1	0	10	744	1	99	745	Finish
745	T1	0	10	745	1	99	746	Finish
746	T6	0	6	746	1	100	747	 
747	T6	0	6	747	1	100	748	 
748	T6	0	6	748	1	100	749	 
749	T6	0	6	749	1	100	750	 
750	T6	0	6	750	1	100	751	 
751	T6	0	6	751	1	100	752	Finish
752	T6	0	6	752	1	100	753	Finish
753	T6	0	6	753	1	100	754	Finish
754	T6	0	6	754	1	100	755	Finish
755	T6	0	6	755	1	100	756	Finish
756	T6	0	6	756	1	100	757	Finish
757	T6	0	6	757	1	100	758	Finish
758	T6	0	6	758	1	100	759	Finish
759	T6	0	6	759	1	100	760	Finish
760	T6	0	6	760	1	100	761	Finish
761	T6	0	6	761	1	100	762	Finish
762	T6	0	6	762	1	100	763	Finish
763	T6	0	6	763	1	100	764	Finish
764	T6	0	6	764	1	100	765	Finish
765	T6	0	6	765	1	100	766	Finish
766	T6	0	6	766	1	100	767	Finish
767	T6	0	6	767	1	100	768	Finish
768	T6	0	6	768	1	100	769	Finish
769	T6	0	6	769	1	100	770	Finish
770	T6	0	6	770	1	100	771	Finish
771	T6	0	6	771	1	100	772	Finish
772	T6	0	6	772	1	100	773	Finish
773	T6	0	6	773	1	100	774	Finish
774	T6	0	6	774	1	100	775	Finish
775	T6	0	6	775	1	100	776	Finish
776	T6	0	6	776	1	100	777	Finish
777	T6	0	6	777	1	100	778	Finish
778	T6	0	6	778	1	100	779	Finish
779	T6	0	6	779	1	100	780	Finish
780	T6	0	6	780	1	100	781	Finish
781	T6	0	6	781	1	100	782	Finish
782	T6	0	6	782	1	100	783	Finish
783	T6	0	6	783	1	100	784	Finish
784	T6	0	6	784	1	100	785	Finish
785	T6	0	6	785	1	100	786	Finish
786	T6	0	6	786	1	100	787	Finish
787	T6	0	6	787	1	100	788	Finish
788	T6	0	6	788	1	100	789	Finish
789	T6	0	6	789	1	100	790	Finish
790	T6	0	6	790	1	100	791	Finish
791	T6	0	6	791	1	100	792	Finish
792	T6	0	6	792	1	100	793	Finish
793	T6	0	6	793	1	100	794	Finish
794	T6	0	6	794	1	100	795	Finish
795	T6	0	6	795	1	100	796	Finish
796	T6	0	6	796	1	100	797	Finish
797	T6	0	6	797	1	100	798	Finish
798	T6	0	6	798	1	100	799	Finish
799	T6	0	6	799	1	100	800	Finish
800	T6	0	6	800	1	100	801	Finish
801	T6	0	6	801	1	100	802	Finish
802	T6	0	6	802	1	100	803	Finish
803	T6	0	6	803	1	100	804	Finish
804	T6	0	6	804	1	100	805	Finish
805	T6	0	6	805	1	100	806	Finish
806	T6	0	6	806	1	100	807	Finish
807	T6	0	6	807	1	100	808	Finish
808	T6	0	6	808	1	100	809	Finish
809	T6	0	6	809	1	100	810	Finish
810	T6	0	6	810	1	100	811	Finish
811	T6	0	6	811	1	100	812	Finish
812	T6	0	6	812	1	100	813	Finish
813	T6	0	6	813	1	100	814	Finish
814	T6	0	6	814	1	100	815	Finish
815	T6	0	6	815	1	100	816	Finish
816	T6	0	6	816	1	100	817	Finish
817	T6	0	6	817	1	100	818	Finish
818	T6	0	6	818	1	100	819	Finish
819	T6	0	6	819	1	100	820	Finish
820	T6	0	6	820	1	100	821	Finish
821	T6	0	6	821	1	100	822	Finish
822	T6	0	6	822	1	100	823	Finish
823	T6	0	6	823	1	100	824	Finish
824	T6	0	6	824	1	100	825	Finish
825	T6	0	6	825	1	100	826	Finish
826	T6	0	6	826	1	100	827	Finish
827	T6	0	6	827	1	100	828	Finish
828	T6	0	6	828	1	100	829	Finish
829	T6	0	6	829	1	100	830	Finish
830	T6	0	6	830	1	100	831	Finish
831	T6	0	6	831	1	100	832	Finish
832	T5	1	5	832	1	106	833	 
833	T5	1	5	833	1	106	834	 
834	T5	1	5	834	1	106	835	 
835	T5	1	5	835	1	106	836	 
836	T5	1	5	836	1	106	837	Finish
837	T5	1	5	837	1	106	838	Finish
838	T5	1	5	838	1	106	839	Finish
839	T5	1	5	839	1	106	840	Finish
840	T5	1	5	840	1	106	841	Finish
841	T5	1	5	841	1	106	842	Finish
842	T5	1	5	842	1	106	843	Finish
843	T5	1	5	843	1	106	844	Finish
844	T5	1	5	844	1	106	845	Finish
845	T5	1	5	845	1	106	846	Finish
846	T5	1	5	846	1	106	847	Finish
847	T5	1	5	847	1	106	848	Finish
848	T5	1	5	848	1	106	849	Finish
849	T5	1	5	849	1	106	850	Finish
850	T5	1	5	850	1	106	851	Finish
851	T5	1	5	851	1	106	852	Finish
852	T5	1	5	852	1	106	853	Finish
853	T5	1	5	853	1	106	854	Finish
854	T5	1	5	854	1	106	855	Finish
855	T5	1	5	855	1	106	856	Finish
856	T5	1	5	856	1	106	857	Finish
857	T5	1	5	857	1	106	858	Finish
858	T5	1	5	858	1	106	859	Finish
859	T5	1	5	859	1	106	860	Finish
860	T5	1	5	860	1	106	861	Finish
861	T5	1	5	861	1	106	862	Finish
862	T5	1	5	862	1	106	863	Finish
863	T5	1	5	863	1	106	864	Finish
864	T5	1	5	864	1	106	865	Finish
865	T5	1	5	865	1	106	866	Finish
866	T5	1	5	866	1	106	867	Finish
867	T5	1	5	867	1	106	868	Finish
868	T5	1	5	868	1	106	869	Finish
869	T5	1	5	869	1	106	870	Finish
870	T5	1	5	870	1	106	871	Finish
871	T5	1	5	871	1	106	872	Finish
872	T5	1	5	872	1	106	873	Finish
873	T5	1	5	873	1	106	874	Finish
874	T5	1	5	874	1	106	875	Finish
875	T5	1	5	875	1	106	876	Finish
876	T5	1	5	876	1	106	877	Finish
877	T5	1	5	877	1	106	878	Finish
878	T5	1	5	878	1	106	879	Finish
879	T5	1	5	879	1	106	880	Finish
880	T5	1	5	880	1	106	881	Finish
881	T5	1	5	881	1	106	882	Finish
882	T5	1	5	882	1	106	883	Finish
883	T5	1	5	883	1	106	884	Finish
884	T5	1	5	884	1	106	885	Finish
885	T5	1	5	885	1	106	886	Finish
886	T5	1	5	886	1	106	887	Finish
887	T5	1	5	887	1	106	888	Finish
888	T5	1	5	888	1	106	889	Finish
889	T5	1	5	889	1	106	890	Finish
890	T5	1	5	890	1	106	891	Finish
891	T5	1	5	891	1	106	892	Finish
892	T5	1	5	892	1	106	893	Finish
893	T5	1	5	893	1	106	894	Finish
894	T5	1	5	894	1	106	895	Finish
895	T5	1	5	895	1	106	896	Finish
896	T5	1	5	896	1	106	897	Finish
897	T5	1	5	897	1	106	898	Finish
898	T5	1	5	898	1	106	899	Finish
899	T5	1	5	899	1	106	900	Finish
900	T5	1	5	900	1	106	901	Finish
901	T5	1	5	901	1	106	902	Finish
902	T5	1	5	902	1	106	903	Finish
903	T5	1	5	903	1	106	904	Finish
904	T5	1	5	904	1	106	905	Finish
905	T5	1	5	905	1	106	906	Finish
906	T5	1	5	906	1	106	907	Finish
907	T5	1	5	907	1	106	908	Finish
908	T5	1	5	908	1	106	909	Finish
909	T5	1	5	909	1	106	910	Finish
910	T5	1	5	910	1	106	911	Finish
911	T5	1	5	911	1	106	912	Finish
912	T5	1	5	912	1	106	913	Finish
913	T5	1	5	913	1	106	914	Finish
914	T5	1	5	914	1	106	915	Finish
915	T5	1	5	915	1	106	916	Finish
916	T5	1	5	916	1	106	917	Finish
917	T4	1	10	917	1	111	918	 
918	T4	1	10	918	1	111	919	 
919	T4	1	10	919	1	111	920	 
920	T4	1	10	920	1	111	921	 
921	T4	1	10	921	1	111	922	 
922	T4	1	10	922	1	111	923	 
923	T4	1	10	923	1	111	924	 
924	T4	1	10	924	1	111	925	 
925	T4	1	10	925	1	111	926	 
926	T4	1	10	926	1	111	927	Finish
927	T4	1	10	927	1	111	928	Finish
928	T4	1	10	928	1	111	929	Finish
929	T4	1	10	929	1	111	930	Finish
930	T4	1	10	930	1	111	931	Finish
931	T4	1	10	931	1	111	932	Finish
932	T4	1	10	932	1	111	933	Finish
933	T4	1	10	933	1	111	934	Finish
934	T4	1	10	934	1	111	935	Finish
935	T4	1	10	935	1	111	936	Finish
936	T4	1	10	936	1	111	937	Finish
937	T4	1	10	937	1	111	938	Finish
938	T4	1	10	938	1	111	939	Finish
939	T4	1	10	939	1	111	940	Finish
940	T4	1	10	940	1	111	941	Finish
941	T4	1	10	941	1	111	942	Finish
942	T4	1	10	942	1	111	943	Finish
943	T4	1	10	943	1	111	944	Finish
944	T4	1	10	944	1	111	945	Finish
945	T4	1	10	945	1	111	946	Finish
946	T4	1	10	946	1	111	947	Finish
947	T4	1	10	947	1	111	948	Finish
948	T4	1	10	948	1	111	949	Finish
949	T4	1	10	949	1	111	950	Finish
950	T4	1	10	950	1	111	951	Finish
951	T4	1	10	951	1	111	952	Finish
952	T4	1	10	952	1	111	953	Finish
953	T4	1	10	953	1	111	954	Finish
954	T4	1	10	954	1	111	955	Finish
955	T4	1	10	955	1	111	956	Finish
956	T4	1	10	956	1	111	957	Finish
957	T4	1	10	957	1	111	958	Finish
958	T4	1	10	958	1	111	959	Finish
959	T4	1	10	959	1	111	960	Finish
960	T4	1	10	960	1	111	961	Finish
961	T4	1	10	961	1	111	962	Finish
962	T4	1	10	962	1	111	963	Finish
963	T4	1	10	963	1	111	964	Finish
964	T4	1	10	964	1	111	965	Finish
965	T4	1	10	965	1	111	966	Finish
966	T4	1	10	966	1	111	967	Finish
967	T4	1	10	967	1	111	968	Finish
968	T4	1	10	968	1	111	969	Finish
969	T4	1	10	969	1	111	970	Finish
970	T4	1	10	970	1	111	971	Finish
971	T4	1	10	971	1	111	972	Finish
972	T4	1	10	972	1	111	973	Finish
973	T4	1	10	973	1	111	974	Finish
974	T4	1	10	974	1	111	975	Finish
975	T4	1	10	975	1	111	976	Finish
976	T4	1	10	976	1	111	977	Finish
977	T4	1	10	977	1	111	978	Finish
978	T4	1	10	978	1	111	979	Finish
979	T4	1	10	979	1	111	980	Finish
980	T4	1	10	980	1	111	981	Finish
981	T4	1	10	981	1	111	982	Finish
982	T4	1	10	982	1	111	983	Finish
983	T4	1	10	983	1	111	984	Finish
984	T4	1	10	984	1	111	985	Finish
985	T4	1	10	985	1	111	986	Finish
986	T4	1	10	986	1	111	987	Finish
987	T6	0	6	987	1	116	988	 
988	T6	0	6	988	1	116	989	 
989	T6	0	6	989	1	116	990	 
990	T6	0	6	990	1	116	991	 
991	T6	0	6	991	1	116	992	 
992	T6	0	6	992	1	116	993	Finish
993	T6	0	6	993	1	116	994	Finish
994	T6	0	6	994	1	116	995	Finish
995	T6	0	6	995	1	116	996	Finish
996	T6	0	6	996	1	116	997	Finish
997	T6	0	6	997	1	116	998	Finish
998	T6	0	6	998	1	116	999	Finish
999	T6	0	6	999	1	116	1000	Finish
1000	T6	0	6	1000	1	116	1001	Finish
1001	T6	0	6	1001	1	116	1002	Finish
1002	T6	0	6	1002	1	116	1003	Finish
1003	T6	0	6	1003	1	116	1004	Finish
1004	T6	0	6	1004	1	116	1005	Finish
1005	T6	0	6	1005	1	116	1006	Finish
1006	T6	0	6	1006	1	116	1007	Finish
1007	T6	0	6	1007	1	116	1008	Finish
1008	T6	0	6	1008	1	116	1009	Finish
1009	T6	0	6	1009	1	116	1010	Finish
1010	T6	0	6	1010	1	116	1011	Finish
1011	T6	0	6	1011	1	116	1012	Finish
1012	T6	0	6	1012	1	116	1013	Finish
1013	T6	0	6	1013	1	116	1014	Finish
1014	T6	0	6	1014	1	116	1015	Finish
1015	T6	0	6	1015	1	116	1016	Finish
1016	T6	0	6	1016	1	116	1017	Finish
1017	T6	0	6	1017	1	116	1018	Finish
1018	T6	0	6	1018	1	116	1019	Finish
1019	T6	0	6	1019	1	116	1020	Finish
1020	T6	0	6	1020	1	116	1021	Finish
1021	T6	0	6	1021	1	116	1022	Finish
1022	T6	0	6	1022	1	116	1023	Finish
1023	T6	0	6	1023	1	116	1024	Finish
1024	T6	0	6	1024	1	116	1025	Finish
1025	T6	0	6	1025	1	116	1026	Finish
1026	T6	0	6	1026	1	116	1027	Finish
1027	T6	0	6	1027	1	116	1028	Finish
1028	T6	0	6	1028	1	116	1029	Finish
1029	T6	0	6	1029	1	116	1030	Finish
1030	T6	0	6	1030	1	116	1031	Finish
1031	T6	0	6	1031	1	116	1032	Finish
1032	T6	0	6	1032	1	116	1033	Finish
1033	T6	0	6	1033	1	116	1034	Finish
1034	T6	0	6	1034	1	116	1035	Finish
1035	T6	0	6	1035	1	116	1036	Finish
1036	T6	0	6	1036	1	116	1037	Finish
1037	T6	0	6	1037	1	116	1038	Finish
1038	T6	0	6	1038	1	116	1039	Finish
1039	T6	0	6	1039	1	116	1040	Finish
1040	T6	0	6	1040	1	116	1041	Finish
1041	T6	0	6	1041	1	116	1042	Finish
1042	T6	0	6	1042	1	116	1043	Finish
1043	T6	0	6	1043	1	116	1044	Finish
1044	T6	0	6	1044	1	116	1045	Finish
1045	T6	0	6	1045	1	116	1046	Finish
1046	T6	0	6	1046	1	116	1047	Finish
1047	T6	0	6	1047	1	116	1048	Finish
1048	T6	0	6	1048	1	116	1049	Finish
1049	T6	0	6	1049	1	116	1050	Finish
1050	T6	0	6	1050	1	116	1051	Finish
1051	T6	0	6	1051	1	116	1052	Finish
1052	T6	0	6	1052	1	116	1053	Finish
1053	T6	0	6	1053	1	116	1054	Finish
1054	T6	0	6	1054	1	116	1055	Finish
1055	T6	0	6	1055	1	116	1056	Finish
1056	T6	0	6	1056	1	116	1057	Finish
1057	T6	0	6	1057	1	116	1058	Finish
1058	T6	0	6	1058	1	116	1059	Finish
1059	T6	0	6	1059	1	116	1060	Finish
1060	T6	0	6	1060	1	116	1061	Finish
1061	T6	0	6	1061	1	116	1062	Finish
1062	T6	0	6	1062	1	116	1063	Finish
1063	T6	0	6	1063	1	116	1064	Finish
1064	T6	0	6	1064	1	116	1065	Finish
1065	T6	0	6	1065	1	116	1066	Finish
1066	T6	0	6	1066	1	116	1067	Finish
1067	T6	0	6	1067	1	116	1068	Finish
1068	T6	0	6	1068	1	116	1069	Finish
1069	T6	0	6	1069	1	116	1070	Finish
1070	T6	0	6	1070	1	116	1071	Finish
1071	T6	0	6	1071	1	116	1072	Finish
1072	T6	0	6	1072	1	116	1073	Finish
1073	T6	0	6	1073	1	116	1074	Finish
1074	T6	0	6	1074	1	116	1075	Finish
1075	T6	0	6	1075	1	116	1076	Finish
1076	T6	0	6	1076	1	116	1077	Finish
1077	T6	0	6	1077	1	116	1078	Finish
1078	T6	0	6	1078	1	116	1079	Finish
1079	T6	0	6	1079	1	116	1080	Finish
1080	T6	0	6	1080	1	116	1081	Finish
1081	T6	0	6	1081	1	116	1082	Finish
1082	T6	0	6	1082	1	116	1083	Finish
1083	T6	0	6	1083	1	116	1084	Finish
1084	T6	0	6	1084	1	116	1085	Finish
1085	T6	0	6	1085	1	116	1086	Finish
1086	T6	0	6	1086	1	116	1087	Finish
1087	T6	0	6	1087	1	116	1088	Finish
1088	T6	0	6	1088	1	116	1089	Finish
1089	T5	1	5	1089	1	126	1090	 
1090	T5	1	5	1090	1	126	1091	 
1091	T5	1	5	1091	1	126	1092	 
1092	T5	1	5	1092	1	126	1093	 
1093	T5	1	5	1093	1	126	1094	Finish
1094	T5	1	5	1094	1	126	1095	Finish
1095	T5	1	5	1095	1	126	1096	Finish
1096	T5	1	5	1096	1	126	1097	Finish
1097	T5	1	5	1097	1	126	1098	Finish
1098	T5	1	5	1098	1	126	1099	Finish
1099	T5	1	5	1099	1	126	1100	Finish
1100	T5	1	5	1100	1	126	1101	Finish
1101	T5	1	5	1101	1	126	1102	Finish
1102	T5	1	5	1102	1	126	1103	Finish
1103	T5	1	5	1103	1	126	1104	Finish
1104	T5	1	5	1104	1	126	1105	Finish
1105	T5	1	5	1105	1	126	1106	Finish
1106	T5	1	5	1106	1	126	1107	Finish
1107	T5	1	5	1107	1	126	1108	Finish
1108	T5	1	5	1108	1	126	1109	Finish
1109	T5	1	5	1109	1	126	1110	Finish
1110	T5	1	5	1110	1	126	1111	Finish
1111	T5	1	5	1111	1	126	1112	Finish
1112	T5	1	5	1112	1	126	1113	Finish
1113	T5	1	5	1113	1	126	1114	Finish
1114	T5	1	5	1114	1	126	1115	Finish
1115	T5	1	5	1115	1	126	1116	Finish
1116	T5	1	5	1116	1	126	1117	Finish
1117	T5	1	5	1117	1	126	1118	Finish
1118	T5	1	5	1118	1	126	1119	Finish
1119	T5	1	5	1119	1	126	1120	Finish
1120	T5	1	5	1120	1	126	1121	Finish
1121	T5	1	5	1121	1	126	1122	Finish
1122	T5	1	5	1122	1	126	1123	Finish
1123	T5	1	5	1123	1	126	1124	Finish
1124	T5	1	5	1124	1	126	1125	Finish
1125	T5	1	5	1125	1	126	1126	Finish
1126	T5	1	5	1126	1	126	1127	Finish
1127	T5	1	5	1127	1	126	1128	Finish
1128	T5	1	5	1128	1	126	1129	Finish
1129	T5	1	5	1129	1	126	1130	Finish
1130	T5	1	5	1130	1	126	1131	Finish
1131	T5	1	5	1131	1	126	1132	Finish
1132	T5	1	5	1132	1	126	1133	Finish
1133	T5	1	5	1133	1	126	1134	Finish
1134	T5	1	5	1134	1	126	1135	Finish
1135	T5	1	5	1135	1	126	1136	Finish
1136	T5	1	5	1136	1	126	1137	Finish
1137	T5	1	5	1137	1	126	1138	Finish
1138	T5	1	5	1138	1	126	1139	Finish
1139	T5	1	5	1139	1	126	1140	Finish
1140	T5	1	5	1140	1	126	1141	Finish
1141	T5	1	5	1141	1	126	1142	Finish
1142	T5	1	5	1142	1	126	1143	Finish
1143	T5	1	5	1143	1	126	1144	Finish
1144	T5	1	5	1144	1	126	1145	Finish
1145	T5	1	5	1145	1	126	1146	Finish
1146	T5	1	5	1146	1	126	1147	Finish
1147	T5	1	5	1147	1	126	1148	Finish
1148	T5	1	5	1148	1	126	1149	Finish
1149	T5	1	5	1149	1	126	1150	Finish
1150	T5	1	5	1150	1	126	1151	Finish
1151	T5	1	5	1151	1	126	1152	Finish
1152	T5	1	5	1152	1	126	1153	Finish
1153	T5	1	5	1153	1	126	1154	Finish
1154	T5	1	5	1154	1	126	1155	Finish
1155	T5	1	5	1155	1	126	1156	Finish
1156	T5	1	5	1156	1	126	1157	Finish
1157	T5	1	5	1157	1	126	1158	Finish
1158	T5	1	5	1158	1	126	1159	Finish
1159	T5	1	5	1159	1	126	1160	Finish
1160	T5	1	5	1160	1	126	1161	Finish
1161	T5	1	5	1161	1	126	1162	Finish
1162	T5	1	5	1162	1	126	1163	Finish
1163	T5	1	5	1163	1	126	1164	Finish
1164	T5	1	5	1164	1	126	1165	Finish
1165	T5	1	5	1165	1	126	1166	Finish
1166	T5	1	5	1166	1	126	1167	Finish
1167	T5	1	5	1167	1	126	1168	Finish
1168	T5	1	5	1168	1	126	1169	Finish
1169	T5	1	5	1169	1	126	1170	Finish
1170	T5	1	5	1170	1	126	1171	Finish
1171	T5	1	5	1171	1	126	1172	Finish
1172	T5	1	5	1172	1	126	1173	Finish
1173	T5	1	5	1173	1	126	1174	Finish
1174	T5	1	5	1174	1	126	1175	Finish
1175	T5	1	5	1175	1	126	1176	Finish
1176	T5	1	5	1176	1	126	1177	Finish
1177	T5	1	5	1177	1	126	1178	Finish
1178	T5	1	5	1178	1	126	1179	Finish
1179	T5	1	5	1179	1	126	1180	Finish
1180	T5	1	5	1180	1	126	1181	Finish
1181	T5	1	5	1181	1	126	1182	Finish
1182	T5	1	5	1182	1	126	1183	Finish
1183	T5	1	5	1183	1	126	1184	Finish
1184	T5	1	5	1184	1	126	1185	Finish
1185	T5	1	5	1185	1	126	1186	Finish
1186	T5	1	5	1186	1	126	1187	Finish
1187	T5	1	5	1187	1	126	1188	Finish
1188	T5	1	5	1188	1	126	1189	Finish
1189	T5	1	5	1189	1	126	1190	Finish
1190	T5	1	5	1190	1	126	1191	Finish
1191	T5	1	5	1191	1	126	1192	Finish
1192	T5	1	5	1192	1	126	1193	Finish
1193	T5	1	5	1193	1	126	1194	Finish
1194	T2	0	3	1194	1	127	1195	 
1195	T2	0	3	1195	1	127	1196	 
1196	T2	0	3	1196	1	127	1197	Finish
1197	T2	0	3	1197	1	127	1198	Finish
1198	T2	0	3	1198	1	127	1199	Finish
1199	T2	0	3	1199	1	127	1200	Finish
1200	T2	0	3	1200	1	127	1201	Finish
1201	T2	0	3	1201	1	127	1202	Finish
1202	T2	0	3	1202	1	127	1203	Finish
1203	T2	0	3	1203	1	127	1204	Finish
1204	T2	0	3	1204	1	127	1205	Finish
1205	T2	0	3	1205	1	127	1206	Finish
1206	T2	0	3	1206	1	127	1207	Finish
1207	T2	0	3	1207	1	127	1208	Finish
1208	T2	0	3	1208	1	127	1209	Finish
1209	T2	0	3	1209	1	127	1210	Finish
1210	T2	0	3	1210	1	127	1211	Finish
1211	T2	0	3	1211	1	127	1212	Finish
1212	T2	0	3	1212	1	127	1213	Finish
1213	T2	0	3	1213	1	127	1214	Finish
1214	T2	0	3	1214	1	127	1215	Finish
1215	T2	0	3	1215	1	127	1216	Finish
1216	T2	0	3	1216	1	127	1217	Finish
1217	T2	0	3	1217	1	127	1218	Finish
1218	T2	0	3	1218	1	127	1219	Finish
1219	T2	0	3	1219	1	127	1220	Finish
1220	T2	0	3	1220	1	127	1221	Finish
1221	T2	0	3	1221	1	127	1222	Finish
1222	T2	0	3	1222	1	127	1223	Finish
1223	T2	0	3	1223	1	127	1224	Finish
1224	T2	0	3	1224	1	127	1225	Finish
1225	T2	0	3	1225	1	127	1226	Finish
1226	T2	0	3	1226	1	127	1227	Finish
1227	T2	0	3	1227	1	127	1228	Finish
1228	T2	0	3	1228	1	127	1229	Finish
1229	T2	0	3	1229	1	127	1230	Finish
1230	T2	0	3	1230	1	127	1231	Finish
1231	T2	0	3	1231	1	127	1232	Finish
1232	T2	0	3	1232	1	127	1233	Finish
1233	T2	0	3	1233	1	127	1234	Finish
1234	T2	0	3	1234	1	127	1235	Finish
1235	T2	0	3	1235	1	127	1236	Finish
1236	T2	0	3	1236	1	127	1237	Finish
1237	T2	0	3	1237	1	127	1238	Finish
1238	T2	0	3	1238	1	127	1239	Finish
1239	T2	0	3	1239	1	127	1240	Finish
1240	T2	0	3	1240	1	127	1241	Finish
1241	T2	0	3	1241	1	127	1242	Finish
1242	T2	0	3	1242	1	127	1243	Finish
1243	T2	0	3	1243	1	127	1244	Finish
1244	T2	0	3	1244	1	127	1245	Finish
1245	T2	0	3	1245	1	127	1246	Finish
1246	T2	0	3	1246	1	127	1247	Finish
1247	T2	0	3	1247	1	127	1248	Finish
1248	T2	0	3	1248	1	127	1249	Finish
1249	T2	0	3	1249	1	127	1250	Finish
1250	T2	0	3	1250	1	127	1251	Finish
1251	T2	0	3	1251	1	127	1252	Finish
1252	T2	0	3	1252	1	127	1253	Finish
1253	T2	0	3	1253	1	127	1254	Finish
1254	T2	0	3	1254	1	127	1255	Finish
1255	T2	0	3	1255	1	127	1256	Finish
1256	T2	0	3	1256	1	127	1257	Finish
1257	T2	0	3	1257	1	127	1258	Finish
1258	T2	0	3	1258	1	127	1259	Finish
1259	T2	0	3	1259	1	127	1260	Finish
1260	T2	0	3	1260	1	127	1261	Finish
1261	T2	0	3	1261	1	127	1262	Finish
1262	T2	0	3	1262	1	127	1263	Finish
1263	T2	0	3	1263	1	127	1264	Finish
1264	T2	0	3	1264	1	127	1265	Finish
1265	T2	0	3	1265	1	127	1266	Finish
1266	T2	0	3	1266	1	127	1267	Finish
1267	T2	0	3	1267	1	127	1268	Finish
1268	T2	0	3	1268	1	127	1269	Finish
1269	T2	0	3	1269	1	127	1270	Finish
1270	T2	0	3	1270	1	127	1271	Finish
1271	T2	0	3	1271	1	127	1272	Finish
1272	T2	0	3	1272	1	127	1273	Finish
1273	T2	0	3	1273	1	127	1274	Finish
1274	T2	0	3	1274	1	127	1275	Finish
1275	T2	0	3	1275	1	127	1276	Finish
1276	T2	0	3	1276	1	127	1277	Finish
1277	T2	0	3	1277	1	127	1278	Finish
1278	T2	0	3	1278	1	127	1279	Finish
1279	T2	0	3	1279	1	127	1280	Finish
1280	T2	0	3	1280	1	127	1281	Finish
1281	T2	0	3	1281	1	127	1282	Finish
1282	T2	0	3	1282	1	127	1283	Finish
1283	T2	0	3	1283	1	127	1284	Finish
1284	T2	0	3	1284	1	127	1285	Finish
1285	T2	0	3	1285	1	127	1286	Finish
1286	T2	0	3	1286	1	127	1287	Finish
1287	T2	0	3	1287	1	127	1288	Finish
1288	T2	0	3	1288	1	127	1289	Finish
1289	T2	0	3	1289	1	127	1290	Finish
1290	T2	0	3	1290	1	127	1291	Finish
1291	T2	0	3	1291	1	127	1292	Finish
1292	T2	0	3	1292	1	127	1293	Finish
1293	T2	0	3	1293	1	127	1294	Finish
1294	T2	0	3	1294	1	127	1295	Finish
1295	T2	0	3	1295	1	127	1296	Finish
1296	T3	0	10	1296	1	128	1297	 
1297	T3	0	10	1297	1	128	1298	 
1298	T3	0	10	1298	1	128	1299	 
1299	T3	0	10	1299	1	128	1300	 
1300	T3	0	10	1300	1	128	1301	 
1301	T3	0	10	1301	1	128	1302	 
1302	T3	0	10	1302	1	128	1303	 
1303	T3	0	10	1303	1	128	1304	 
1304	T3	0	10	1304	1	128	1305	 
1305	T3	0	10	1305	1	128	1306	Finish
1306	T3	0	10	1306	1	128	1307	Finish
1307	T3	0	10	1307	1	128	1308	Finish
1308	T3	0	10	1308	1	128	1309	Finish
1309	T3	0	10	1309	1	128	1310	Finish
1310	T3	0	10	1310	1	128	1311	Finish
1311	T3	0	10	1311	1	128	1312	Finish
1312	T3	0	10	1312	1	128	1313	Finish
1313	T3	0	10	1313	1	128	1314	Finish
1314	T3	0	10	1314	1	128	1315	Finish
1315	T3	0	10	1315	1	128	1316	Finish
1316	T3	0	10	1316	1	128	1317	Finish
1317	T3	0	10	1317	1	128	1318	Finish
1318	T3	0	10	1318	1	128	1319	Finish
1319	T3	0	10	1319	1	128	1320	Finish
1320	T3	0	10	1320	1	128	1321	Finish
1321	T3	0	10	1321	1	128	1322	Finish
1322	T3	0	10	1322	1	128	1323	Finish
1323	T3	0	10	1323	1	128	1324	Finish
1324	T3	0	10	1324	1	128	1325	Finish
1325	T3	0	10	1325	1	128	1326	Finish
1326	T3	0	10	1326	1	128	1327	Finish
1327	T3	0	10	1327	1	128	1328	Finish
1328	T3	0	10	1328	1	128	1329	Finish
1329	T3	0	10	1329	1	128	1330	Finish
1330	T3	0	10	1330	1	128	1331	Finish
1331	T3	0	10	1331	1	128	1332	Finish
1332	T3	0	10	1332	1	128	1333	Finish
1333	T3	0	10	1333	1	128	1334	Finish
1334	T3	0	10	1334	1	128	1335	Finish
1335	T3	0	10	1335	1	128	1336	Finish
1336	T3	0	10	1336	1	128	1337	Finish
1337	T3	0	10	1337	1	128	1338	Finish
1338	T3	0	10	1338	1	128	1339	Finish
1339	T3	0	10	1339	1	128	1340	Finish
1340	T3	0	10	1340	1	128	1341	Finish
1341	T3	0	10	1341	1	128	1342	Finish
1342	T3	0	10	1342	1	128	1343	Finish
1343	T3	0	10	1343	1	128	1344	Finish
1344	T3	0	10	1344	1	128	1345	Finish
1345	T3	0	10	1345	1	128	1346	Finish
1346	T3	0	10	1346	1	128	1347	Finish
1347	T3	0	10	1347	1	128	1348	Finish
1348	T3	0	10	1348	1	128	1349	Finish
1349	T3	0	10	1349	1	128	1350	Finish
1350	T3	0	10	1350	1	128	1351	Finish
1351	T3	0	10	1351	1	128	1352	Finish
1352	T3	0	10	1352	1	128	1353	Finish
1353	T3	0	10	1353	1	128	1354	Finish
1354	T3	0	10	1354	1	128	1355	Finish
1355	T3	0	10	1355	1	128	1356	Finish
1356	T3	0	10	1356	1	128	1357	Finish
1357	T3	0	10	1357	1	128	1358	Finish
1358	T3	0	10	1358	1	128	1359	Finish
1359	T3	0	10	1359	1	128	1360	Finish
1360	T3	0	10	1360	1	128	1361	Finish
1361	T3	0	10	1361	1	128	1362	Finish
1362	T3	0	10	1362	1	128	1363	Finish
1363	T3	0	10	1363	1	128	1364	Finish
1364	T3	0	10	1364	1	128	1365	Finish
1365	T3	0	10	1365	1	128	1366	Finish
1366	T3	0	10	1366	1	128	1367	Finish
1367	T3	0	10	1367	1	128	1368	Finish
1368	T3	0	10	1368	1	128	1369	Finish
1369	T3	0	10	1369	1	128	1370	Finish
1370	T3	0	10	1370	1	128	1371	Finish
1371	T3	0	10	1371	1	128	1372	Finish
1372	T3	0	10	1372	1	128	1373	Finish
1373	T3	0	10	1373	1	128	1374	Finish
1374	T3	0	10	1374	1	128	1375	Finish
1375	T3	0	10	1375	1	128	1376	Finish
1376	T3	0	10	1376	1	128	1377	Finish
1377	T3	0	10	1377	1	128	1378	Finish
1378	T3	0	10	1378	1	128	1379	Finish
1379	T3	0	10	1379	1	128	1380	Finish
1380	T3	0	10	1380	1	128	1381	Finish
1381	T3	0	10	1381	1	128	1382	Finish
1382	T3	0	10	1382	1	128	1383	Finish
1383	T3	0	10	1383	1	128	1384	Finish
1384	T3	0	10	1384	1	128	1385	Finish
1385	T3	0	10	1385	1	128	1386	Finish
1386	T3	0	10	1386	1	128	1387	Finish
1387	T3	0	10	1387	1	128	1388	Finish
1388	T3	0	10	1388	1	128	1389	Finish
1389	T3	0	10	1389	1	128	1390	Finish
1390	T3	0	10	1390	1	128	1391	Finish
1391	T3	0	10	1391	1	128	1392	Finish
1392	T3	0	10	1392	1	128	1393	Finish
1393	T3	0	10	1393	1	128	1394	Finish
1394	T3	0	10	1394	1	128	1395	Finish
1395	T3	0	10	1395	1	128	1396	Finish
1396	T3	0	10	1396	1	128	1397	Finish
1397	T3	0	10	1397	1	128	1398	Finish
1398	T3	0	10	1398	1	128	1399	Finish
1399	T3	0	10	1399	1	128	1400	Finish
1400	T3	0	10	1400	1	128	1401	Finish
1401	T3	0	10	1401	1	128	1402	Finish
1402	T3	0	10	1402	1	128	1403	Finish
1403	T3	0	10	1403	1	128	1404	Finish
1404	T3	0	10	1404	1	128	1405	Finish
1405	T1	0	10	1405	1	132	1406	 
1406	T1	0	10	1406	1	132	1407	 
1407	T1	0	10	1407	1	132	1408	 
1408	T1	0	10	1408	1	132	1409	 
1409	T1	0	10	1409	1	132	1410	 
1410	T1	0	10	1410	1	132	1411	 
1411	T1	0	10	1411	1	132	1412	 
1412	T1	0	10	1412	1	132	1413	 
1413	T1	0	10	1413	1	132	1414	 
1414	T1	0	10	1414	1	132	1415	Finish
1415	T1	0	10	1415	1	132	1416	Finish
1416	T1	0	10	1416	1	132	1417	Finish
1417	T1	0	10	1417	1	132	1418	Finish
1418	T1	0	10	1418	1	132	1419	Finish
1419	T1	0	10	1419	1	132	1420	Finish
1420	T1	0	10	1420	1	132	1421	Finish
1421	T1	0	10	1421	1	132	1422	Finish
1422	T1	0	10	1422	1	132	1423	Finish
1423	T1	0	10	1423	1	132	1424	Finish
1424	T1	0	10	1424	1	132	1425	Finish
1425	T1	0	10	1425	1	132	1426	Finish
1426	T1	0	10	1426	1	132	1427	Finish
1427	T1	0	10	1427	1	132	1428	Finish
1428	T1	0	10	1428	1	132	1429	Finish
1429	T1	0	10	1429	1	132	1430	Finish
1430	T1	0	10	1430	1	132	1431	Finish
1431	T1	0	10	1431	1	132	1432	Finish
1432	T1	0	10	1432	1	132	1433	Finish
1433	T1	0	10	1433	1	132	1434	Finish
1434	T1	0	10	1434	1	132	1435	Finish
1435	T1	0	10	1435	1	132	1436	Finish
1436	T1	0	10	1436	1	132	1437	Finish
1437	T1	0	10	1437	1	132	1438	Finish
1438	T1	0	10	1438	1	132	1439	Finish
1439	T1	0	10	1439	1	132	1440	Finish
1440	T1	0	10	1440	1	132	1441	Finish
1441	T1	0	10	1441	1	132	1442	Finish
1442	T1	0	10	1442	1	132	1443	Finish
1443	T1	0	10	1443	1	132	1444	Finish
1444	T1	0	10	1444	1	132	1445	Finish
1445	T1	0	10	1445	1	132	1446	Finish
1446	T1	0	10	1446	1	132	1447	Finish
1447	T1	0	10	1447	1	132	1448	Finish
1448	T1	0	10	1448	1	132	1449	Finish
1449	T1	0	10	1449	1	132	1450	Finish
1450	T1	0	10	1450	1	132	1451	Finish
1451	T1	0	10	1451	1	132	1452	Finish
1452	T1	0	10	1452	1	132	1453	Finish
1453	T1	0	10	1453	1	132	1454	Finish
1454	T1	0	10	1454	1	132	1455	Finish
1455	T1	0	10	1455	1	132	1456	Finish
1456	T1	0	10	1456	1	132	1457	Finish
1457	T1	0	10	1457	1	132	1458	Finish
1458	T1	0	10	1458	1	132	1459	Finish
1459	T1	0	10	1459	1	132	1460	Finish
1460	T1	0	10	1460	1	132	1461	Finish
1461	T1	0	10	1461	1	132	1462	Finish
1462	T1	0	10	1462	1	132	1463	Finish
1463	T1	0	10	1463	1	132	1464	Finish
1464	T1	0	10	1464	1	132	1465	Finish
1465	T1	0	10	1465	1	132	1466	Finish
1466	T1	0	10	1466	1	132	1467	Finish
1467	T1	0	10	1467	1	132	1468	Finish
1468	T1	0	10	1468	1	132	1469	Finish
1469	T1	0	10	1469	1	132	1470	Finish
1470	T1	0	10	1470	1	132	1471	Finish
1471	T1	0	10	1471	1	132	1472	Finish
1472	T1	0	10	1472	1	132	1473	Finish
1473	T1	0	10	1473	1	132	1474	Finish
1474	T1	0	10	1474	1	132	1475	Finish
1475	T1	0	10	1475	1	132	1476	Finish
1476	T1	0	10	1476	1	132	1477	Finish
1477	T1	0	10	1477	1	132	1478	Finish
1478	T1	0	10	1478	1	132	1479	Finish
1479	T1	0	10	1479	1	132	1480	Finish
1480	T1	0	10	1480	1	132	1481	Finish
1481	T1	0	10	1481	1	132	1482	Finish
1482	T1	0	10	1482	1	132	1483	Finish
1483	T1	0	10	1483	1	132	1484	Finish
1484	T1	0	10	1484	1	132	1485	Finish
1485	T1	0	10	1485	1	132	1486	Finish
1486	T1	0	10	1486	1	132	1487	Finish
1487	T1	0	10	1487	1	132	1488	Finish
1488	T1	0	10	1488	1	132	1489	Finish
1489	T1	0	10	1489	1	132	1490	Finish
1490	T1	0	10	1490	1	132	1491	Finish
1491	T1	0	10	1491	1	132	1492	Finish
1492	T1	0	10	1492	1	132	1493	Finish
1493	T1	0	10	1493	1	132	1494	Finish
1494	T1	0	10	1494	1	132	1495	Finish
1495	T1	0	10	1495	1	132	1496	Finish
1496	T1	0	10	1496	1	132	1497	Finish
1497	T1	0	10	1497	1	132	1498	Finish
1498	T1	0	10	1498	1	132	1499	Finish
1499	T1	0	10	1499	1	132	1500	Finish
1500	T1	0	10	1500	1	132	1501	Finish
1501	T1	0	10	1501	1	132	1502	Finish
1502	T1	0	10	1502	1	132	1503	Finish
1503	T1	0	10	1503	1	132	1504	Finish
1504	T1	0	10	1504	1	132	1505	Finish
1505	T1	0	10	1505	1	132	1506	Finish
1506	T1	0	10	1506	1	132	1507	Finish
1507	T1	0	10	1507	1	132	1508	Finish
1508	T1	0	10	1508	1	132	1509	Finish
1509	T1	0	10	1509	1	132	1510	Finish
1510	T1	0	10	1510	1	132	1511	Finish
1511	T1	0	10	1511	1	132	1512	Finish
1512	T1	0	10	1512	1	132	1513	Finish
1513	T1	0	10	1513	1	132	1514	Finish
1514	T6	0	6	1514	1	132	1515	 
1515	T6	0	6	1515	1	132	1516	 
1516	T6	0	6	1516	1	132	1517	 
1517	T6	0	6	1517	1	132	1518	 
1518	T6	0	6	1518	1	132	1519	 
1519	T6	0	6	1519	1	132	1520	Finish
1520	T6	0	6	1520	1	132	1521	Finish
1521	T6	0	6	1521	1	132	1522	Finish
1522	T6	0	6	1522	1	132	1523	Finish
1523	T6	0	6	1523	1	132	1524	Finish
1524	T6	0	6	1524	1	132	1525	Finish
1525	T6	0	6	1525	1	132	1526	Finish
1526	T6	0	6	1526	1	132	1527	Finish
1527	T6	0	6	1527	1	132	1528	Finish
1528	T6	0	6	1528	1	132	1529	Finish
1529	T6	0	6	1529	1	132	1530	Finish
1530	T6	0	6	1530	1	132	1531	Finish
1531	T6	0	6	1531	1	132	1532	Finish
1532	T6	0	6	1532	1	132	1533	Finish
1533	T6	0	6	1533	1	132	1534	Finish
1534	T6	0	6	1534	1	132	1535	Finish
1535	T6	0	6	1535	1	132	1536	Finish
1536	T6	0	6	1536	1	132	1537	Finish
1537	T6	0	6	1537	1	132	1538	Finish
1538	T6	0	6	1538	1	132	1539	Finish
1539	T6	0	6	1539	1	132	1540	Finish
1540	T6	0	6	1540	1	132	1541	Finish
1541	T6	0	6	1541	1	132	1542	Finish
1542	T6	0	6	1542	1	132	1543	Finish
1543	T6	0	6	1543	1	132	1544	Finish
1544	T6	0	6	1544	1	132	1545	Finish
1545	T6	0	6	1545	1	132	1546	Finish
1546	T6	0	6	1546	1	132	1547	Finish
1547	T6	0	6	1547	1	132	1548	Finish
1548	T6	0	6	1548	1	132	1549	Finish
1549	T6	0	6	1549	1	132	1550	Finish
1550	T6	0	6	1550	1	132	1551	Finish
1551	T6	0	6	1551	1	132	1552	Finish
1552	T6	0	6	1552	1	132	1553	Finish
1553	T6	0	6	1553	1	132	1554	Finish
1554	T6	0	6	1554	1	132	1555	Finish
1555	T6	0	6	1555	1	132	1556	Finish
1556	T6	0	6	1556	1	132	1557	Finish
1557	T6	0	6	1557	1	132	1558	Finish
1558	T6	0	6	1558	1	132	1559	Finish
1559	T6	0	6	1559	1	132	1560	Finish
1560	T6	0	6	1560	1	132	1561	Finish
1561	T6	0	6	1561	1	132	1562	Finish
1562	T6	0	6	1562	1	132	1563	Finish
1563	T6	0	6	1563	1	132	1564	Finish
1564	T6	0	6	1564	1	132	1565	Finish
1565	T6	0	6	1565	1	132	1566	Finish
1566	T6	0	6	1566	1	132	1567	Finish
1567	T6	0	6	1567	1	132	1568	Finish
1568	T6	0	6	1568	1	132	1569	Finish
1569	T6	0	6	1569	1	132	1570	Finish
1570	T6	0	6	1570	1	132	1571	Finish
1571	T6	0	6	1571	1	132	1572	Finish
1572	T6	0	6	1572	1	132	1573	Finish
1573	T6	0	6	1573	1	132	1574	Finish
1574	T6	0	6	1574	1	132	1575	Finish
1575	T6	0	6	1575	1	132	1576	Finish
1576	T6	0	6	1576	1	132	1577	Finish
1577	T6	0	6	1577	1	132	1578	Finish
1578	T6	0	6	1578	1	132	1579	Finish
1579	T6	0	6	1579	1	132	1580	Finish
1580	T6	0	6	1580	1	132	1581	Finish
1581	T6	0	6	1581	1	132	1582	Finish
1582	T6	0	6	1582	1	132	1583	Finish
1583	T6	0	6	1583	1	132	1584	Finish
1584	T6	0	6	1584	1	132	1585	Finish
1585	T6	0	6	1585	1	132	1586	Finish
1586	T6	0	6	1586	1	132	1587	Finish
1587	T6	0	6	1587	1	132	1588	Finish
1588	T6	0	6	1588	1	132	1589	Finish
1589	T6	0	6	1589	1	132	1590	Finish
1590	T6	0	6	1590	1	132	1591	Finish
1591	T6	0	6	1591	1	132	1592	Finish
1592	T6	0	6	1592	1	132	1593	Finish
1593	T6	0	6	1593	1	132	1594	Finish
1594	T6	0	6	1594	1	132	1595	Finish
1595	T6	0	6	1595	1	132	1596	Finish
1596	T6	0	6	1596	1	132	1597	Finish
1597	T6	0	6	1597	1	132	1598	Finish
1598	T6	0	6	1598	1	132	1599	Finish
1599	T6	0	6	1599	1	132	1600	Finish
1600	T6	0	6	1600	1	132	1601	Finish
1601	T6	0	6	1601	1	132	1602	Finish
1602	T6	0	6	1602	1	132	1603	Finish
1603	T6	0	6	1603	1	132	1604	Finish
1604	T6	0	6	1604	1	132	1605	Finish
1605	T6	0	6	1605	1	132	1606	Finish
1606	T6	0	6	1606	1	132	1607	Finish
1607	T6	0	6	1607	1	132	1608	Finish
1608	T6	0	6	1608	1	132	1609	Finish
1609	T6	0	6	1609	1	132	1610	Finish
1610	T6	0	6	1610	1	132	1611	Finish
1611	T6	0	6	1611	1	132	1612	Finish
1612	T6	0	6	1612	1	132	1613	Finish
1613	T6	0	6	1613	1	132	1614	Finish
1614	T6	0	6	1614	1	132	1615	Finish
1615	T6	0	6	1615	1	132	1616	Finish
1616	T6	0	6	1616	1	132	1617	Finish
1617	T6	0	6	1617	1	132	1618	Finish
1618	T6	0	6	1618	1	132	1619	Finish
1619	T6	0	6	1619	1	132	1620	Finish
1620	T6	0	6	1620	1	132	1621	Finish
1621	T6	0	6	1621	1	132	1622	Finish
1622	T6	0	6	1622	1	132	1623	Finish
1623	T6	0	6	1623	1	132	1624	Finish
1624	T6	0	6	1624	1	132	1625	Finish
1625	T6	0	6	1625	1	132	1626	Finish
1626	T6	0	6	1626	1	132	1627	Finish
1627	T6	0	6	1627	1	132	1628	Finish
1628	T6	0	6	1628	1	132	1629	Finish
1629	T6	0	6	1629	1	132	1630	Finish
1630	T6	0	6	1630	1	132	1631	Finish
1631	T6	0	6	1631	1	132	1632	Finish
1632	T4	1	10	1632	1	141	1633	 
1633	T4	1	10	1633	1	141	1634	 
1634	T4	1	10	1634	1	141	1635	 
1635	T4	1	10	1635	1	141	1636	 
1636	T4	1	10	1636	1	141	1637	 
1637	T4	1	10	1637	1	141	1638	 
1638	T4	1	10	1638	1	141	1639	 
1639	T4	1	10	1639	1	141	1640	 
1640	T4	1	10	1640	1	141	1641	 
1641	T4	1	10	1641	1	141	1642	Finish
1642	T4	1	10	1642	1	141	1643	Finish
1643	T4	1	10	1643	1	141	1644	Finish
1644	T4	1	10	1644	1	141	1645	Finish
1645	T4	1	10	1645	1	141	1646	Finish
1646	T4	1	10	1646	1	141	1647	Finish
1647	T4	1	10	1647	1	141	1648	Finish
1648	T4	1	10	1648	1	141	1649	Finish
1649	T4	1	10	1649	1	141	1650	Finish
1650	T4	1	10	1650	1	141	1651	Finish
1651	T4	1	10	1651	1	141	1652	Finish
1652	T4	1	10	1652	1	141	1653	Finish
1653	T4	1	10	1653	1	141	1654	Finish
1654	T4	1	10	1654	1	141	1655	Finish
1655	T4	1	10	1655	1	141	1656	Finish
1656	T4	1	10	1656	1	141	1657	Finish
1657	T4	1	10	1657	1	141	1658	Finish
1658	T4	1	10	1658	1	141	1659	Finish
1659	T4	1	10	1659	1	141	1660	Finish
1660	T4	1	10	1660	1	141	1661	Finish
1661	T4	1	10	1661	1	141	1662	Finish
1662	T4	1	10	1662	1	141	1663	Finish
1663	T4	1	10	1663	1	141	1664	Finish
1664	T4	1	10	1664	1	141	1665	Finish
1665	T4	1	10	1665	1	141	1666	Finish
1666	T4	1	10	1666	1	141	1667	Finish
1667	T4	1	10	1667	1	141	1668	Finish
1668	T4	1	10	1668	1	141	1669	Finish
1669	T4	1	10	1669	1	141	1670	Finish
1670	T4	1	10	1670	1	141	1671	Finish
1671	T4	1	10	1671	1	141	1672	Finish
1672	T4	1	10	1672	1	141	1673	Finish
1673	T4	1	10	1673	1	141	1674	Finish
1674	T4	1	10	1674	1	141	1675	Finish
1675	T4	1	10	1675	1	141	1676	Finish
1676	T4	1	10	1676	1	141	1677	Finish
1677	T4	1	10	1677	1	141	1678	Finish
1678	T4	1	10	1678	1	141	1679	Finish
1679	T4	1	10	1679	1	141	1680	Finish
1680	T4	1	10	1680	1	141	1681	Finish
1681	T4	1	10	1681	1	141	1682	Finish
1682	T4	1	10	1682	1	141	1683	Finish
1683	T4	1	10	1683	1	141	1684	Finish
1684	T4	1	10	1684	1	141	1685	Finish
1685	T4	1	10	1685	1	141	1686	Finish
1686	T4	1	10	1686	1	141	1687	Finish
1687	T4	1	10	1687	1	141	1688	Finish
1688	T4	1	10	1688	1	141	1689	Finish
1689	T4	1	10	1689	1	141	1690	Finish
1690	T4	1	10	1690	1	141	1691	Finish
1691	T4	1	10	1691	1	141	1692	Finish
1692	T4	1	10	1692	1	141	1693	Finish
1693	T4	1	10	1693	1	141	1694	Finish
1694	T4	1	10	1694	1	141	1695	Finish
1695	T4	1	10	1695	1	141	1696	Finish
1696	T4	1	10	1696	1	141	1697	Finish
1697	T4	1	10	1697	1	141	1698	Finish
1698	T4	1	10	1698	1	141	1699	Finish
1699	T4	1	10	1699	1	141	1700	Finish
1700	T4	1	10	1700	1	141	1701	Finish
1701	T4	1	10	1701	1	141	1702	Finish
1702	T4	1	10	1702	1	141	1703	Finish
1703	T4	1	10	1703	1	141	1704	Finish
1704	T4	1	10	1704	1	141	1705	Finish
1705	T4	1	10	1705	1	141	1706	Finish
1706	T4	1	10	1706	1	141	1707	Finish
1707	T4	1	10	1707	1	141	1708	Finish
1708	T4	1	10	1708	1	141	1709	Finish
1709	T4	1	10	1709	1	141	1710	Finish
1710	T4	1	10	1710	1	141	1711	Finish
1711	T4	1	10	1711	1	141	1712	Finish
1712	T4	1	10	1712	1	141	1713	Finish
1713	T4	1	10	1713	1	141	1714	Finish
1714	T4	1	10	1714	1	141	1715	Finish
1715	T4	1	10	1715	1	141	1716	Finish
1716	T4	1	10	1716	1	141	1717	Finish
1717	T4	1	10	1717	1	141	1718	Finish
1718	T4	1	10	1718	1	141	1719	Finish
1719	T4	1	10	1719	1	141	1720	Finish
1720	T4	1	10	1720	1	141	1721	Finish
1721	T4	1	10	1721	1	141	1722	Finish
1722	T4	1	10	1722	1	141	1723	Finish
1723	T4	1	10	1723	1	141	1724	Finish
1724	T4	1	10	1724	1	141	1725	Finish
1725	T4	1	10	1725	1	141	1726	Finish
1726	T4	1	10	1726	1	141	1727	Finish
1727	T4	1	10	1727	1	141	1728	Finish
1728	T4	1	10	1728	1	141	1729	Finish
1729	T4	1	10	1729	1	141	1730	Finish
1730	T4	1	10	1730	1	141	1731	Finish
1731	T4	1	10	1731	1	141	1732	Finish
1732	T5	1	5	1732	1	146	1733	 
1733	T5	1	5	1733	1	146	1734	 
1734	T5	1	5	1734	1	146	1735	 
1735	T5	1	5	1735	1	146	1736	 
1736	T5	1	5	1736	1	146	1737	Finish
1737	T5	1	5	1737	1	146	1738	Finish
1738	T5	1	5	1738	1	146	1739	Finish
1739	T5	1	5	1739	1	146	1740	Finish
1740	T5	1	5	1740	1	146	1741	Finish
1741	T5	1	5	1741	1	146	1742	Finish
1742	T5	1	5	1742	1	146	1743	Finish
1743	T5	1	5	1743	1	146	1744	Finish
1744	T5	1	5	1744	1	146	1745	Finish
1745	T5	1	5	1745	1	146	1746	Finish
1746	T5	1	5	1746	1	146	1747	Finish
1747	T5	1	5	1747	1	146	1748	Finish
1748	T5	1	5	1748	1	146	1749	Finish
1749	T5	1	5	1749	1	146	1750	Finish
1750	T5	1	5	1750	1	146	1751	Finish
1751	T5	1	5	1751	1	146	1752	Finish
1752	T5	1	5	1752	1	146	1753	Finish
1753	T5	1	5	1753	1	146	1754	Finish
1754	T5	1	5	1754	1	146	1755	Finish
1755	T5	1	5	1755	1	146	1756	Finish
1756	T5	1	5	1756	1	146	1757	Finish
1757	T5	1	5	1757	1	146	1758	Finish
1758	T5	1	5	1758	1	146	1759	Finish
1759	T5	1	5	1759	1	146	1760	Finish
1760	T5	1	5	1760	1	146	1761	Finish
1761	T5	1	5	1761	1	146	1762	Finish
1762	T5	1	5	1762	1	146	1763	Finish
1763	T5	1	5	1763	1	146	1764	Finish
1764	T5	1	5	1764	1	146	1765	Finish
1765	T5	1	5	1765	1	146	1766	Finish
1766	T5	1	5	1766	1	146	1767	Finish
1767	T5	1	5	1767	1	146	1768	Finish
1768	T5	1	5	1768	1	146	1769	Finish
1769	T5	1	5	1769	1	146	1770	Finish
1770	T5	1	5	1770	1	146	1771	Finish
1771	T5	1	5	1771	1	146	1772	Finish
1772	T5	1	5	1772	1	146	1773	Finish
1773	T5	1	5	1773	1	146	1774	Finish
1774	T5	1	5	1774	1	146	1775	Finish
1775	T5	1	5	1775	1	146	1776	Finish
1776	T5	1	5	1776	1	146	1777	Finish
1777	T5	1	5	1777	1	146	1778	Finish
1778	T5	1	5	1778	1	146	1779	Finish
1779	T5	1	5	1779	1	146	1780	Finish
1780	T5	1	5	1780	1	146	1781	Finish
1781	T5	1	5	1781	1	146	1782	Finish
1782	T5	1	5	1782	1	146	1783	Finish
1783	T5	1	5	1783	1	146	1784	Finish
1784	T5	1	5	1784	1	146	1785	Finish
1785	T5	1	5	1785	1	146	1786	Finish
1786	T5	1	5	1786	1	146	1787	Finish
1787	T5	1	5	1787	1	146	1788	Finish
1788	T5	1	5	1788	1	146	1789	Finish
1789	T5	1	5	1789	1	146	1790	Finish
1790	T5	1	5	1790	1	146	1791	Finish
1791	T5	1	5	1791	1	146	1792	Finish
1792	T5	1	5	1792	1	146	1793	Finish
1793	T5	1	5	1793	1	146	1794	Finish
1794	T5	1	5	1794	1	146	1795	Finish
1795	T5	1	5	1795	1	146	1796	Finish
1796	T5	1	5	1796	1	146	1797	Finish
1797	T5	1	5	1797	1	146	1798	Finish
1798	T5	1	5	1798	1	146	1799	Finish
1799	T5	1	5	1799	1	146	1800	Finish
1800	T5	1	5	1800	1	146	1801	Finish
1801	T5	1	5	1801	1	146	1802	Finish
1802	T5	1	5	1802	1	146	1803	Finish
1803	T5	1	5	1803	1	146	1804	Finish
1804	T5	1	5	1804	1	146	1805	Finish
1805	T5	1	5	1805	1	146	1806	Finish
1806	T5	1	5	1806	1	146	1807	Finish
1807	T5	1	5	1807	1	146	1808	Finish
1808	T5	1	5	1808	1	146	1809	Finish
1809	T5	1	5	1809	1	146	1810	Finish
1810	T5	1	5	1810	1	146	1811	Finish
1811	T5	1	5	1811	1	146	1812	Finish
1812	T5	1	5	1812	1	146	1813	Finish
1813	T5	1	5	1813	1	146	1814	Finish
1814	T5	1	5	1814	1	146	1815	Finish
1815	T5	1	5	1815	1	146	1816	Finish
1816	T5	1	5	1816	1	146	1817	Finish
1817	T5	1	5	1817	1	146	1818	Finish
1818	T5	1	5	1818	1	146	1819	Finish
1819	T5	1	5	1819	1	146	1820	Finish
1820	T5	1	5	1820	1	146	1821	Finish
1821	T5	1	5	1821	1	146	1822	Finish
1822	T5	1	5	1822	1	146	1823	Finish
1823	T5	1	5	1823	1	146	1824	Finish
1824	T5	1	5	1824	1	146	1825	Finish
1825	T5	1	5	1825	1	146	1826	Finish
1826	T5	1	5	1826	1	146	1827	Finish
1827	T5	1	5	1827	1	146	1828	Finish
1828	T5	1	5	1828	1	146	1829	Finish
1829	T5	1	5	1829	1	146	1830	Finish
1830	T5	1	5	1830	1	146	1831	Finish
1831	T5	1	5	1831	1	146	1832	Finish
1832	T5	1	5	1832	1	146	1833	Finish
1833	T5	1	5	1833	1	146	1834	Finish
1834	T5	1	5	1834	1	146	1835	Finish
1835	T5	1	5	1835	1	146	1836	Finish
1836	T5	1	5	1836	1	146	1837	Finish
1837	T5	1	5	1837	1	146	1838	Finish
1838	T5	1	5	1838	1	146	1839	Finish
1839	T5	1	5	1839	1	146	1840	Finish
1840	T5	1	5	1840	1	146	1841	Finish
1841	T5	1	5	1841	1	146	1842	Finish
1842	T5	1	5	1842	1	146	1843	Finish
1843	T5	1	5	1843	1	146	1844	Finish
1844	T5	1	5	1844	1	146	1845	Finish
1845	T5	1	5	1845	1	146	1846	Finish
1846	T5	1	5	1846	1	146	1847	Finish
1847	T5	1	5	1847	1	146	1848	Finish
1848	T5	1	5	1848	1	146	1849	Finish
1849	T5	1	5	1849	1	146	1850	Finish
1850	T5	1	5	1850	1	146	1851	Finish
1851	T5	1	5	1851	1	146	1852	Finish
1852	T5	1	5	1852	1	146	1853	Finish
1853	T5	1	5	1853	1	146	1854	Finish
1854	T5	1	5	1854	1	146	1855	Finish
1855	T5	1	5	1855	1	146	1856	Finish
1856	T5	1	5	1856	1	146	1857	Finish
1857	T6	0	6	1857	1	148	1858	 
1858	T6	0	6	1858	1	148	1859	 
1859	T6	0	6	1859	1	148	1860	 
1860	T6	0	6	1860	1	148	1861	 
1861	T6	0	6	1861	1	148	1862	 
1862	T6	0	6	1862	1	148	1863	Finish
1863	T6	0	6	1863	1	148	1864	Finish
1864	T6	0	6	1864	1	148	1865	Finish
1865	T6	0	6	1865	1	148	1866	Finish
1866	T6	0	6	1866	1	148	1867	Finish
1867	T6	0	6	1867	1	148	1868	Finish
1868	T6	0	6	1868	1	148	1869	Finish
1869	T6	0	6	1869	1	148	1870	Finish
1870	T6	0	6	1870	1	148	1871	Finish
1871	T6	0	6	1871	1	148	1872	Finish
1872	T6	0	6	1872	1	148	1873	Finish
1873	T6	0	6	1873	1	148	1874	Finish
1874	T6	0	6	1874	1	148	1875	Finish
1875	T6	0	6	1875	1	148	1876	Finish
1876	T6	0	6	1876	1	148	1877	Finish
1877	T6	0	6	1877	1	148	1878	Finish
1878	T6	0	6	1878	1	148	1879	Finish
1879	T6	0	6	1879	1	148	1880	Finish
1880	T6	0	6	1880	1	148	1881	Finish
1881	T6	0	6	1881	1	148	1882	Finish
1882	T6	0	6	1882	1	148	1883	Finish
1883	T6	0	6	1883	1	148	1884	Finish
1884	T6	0	6	1884	1	148	1885	Finish
1885	T6	0	6	1885	1	148	1886	Finish
1886	T6	0	6	1886	1	148	1887	Finish
1887	T6	0	6	1887	1	148	1888	Finish
1888	T6	0	6	1888	1	148	1889	Finish
1889	T6	0	6	1889	1	148	1890	Finish
1890	T6	0	6	1890	1	148	1891	Finish
1891	T6	0	6	1891	1	148	1892	Finish
1892	T6	0	6	1892	1	148	1893	Finish
1893	T6	0	6	1893	1	148	1894	Finish
1894	T6	0	6	1894	1	148	1895	Finish
1895	T6	0	6	1895	1	148	1896	Finish
1896	T6	0	6	1896	1	148	1897	Finish
1897	T6	0	6	1897	1	148	1898	Finish
1898	T6	0	6	1898	1	148	1899	Finish
1899	T6	0	6	1899	1	148	1900	Finish
1900	T6	0	6	1900	1	148	1901	Finish
1901	T6	0	6	1901	1	148	1902	Finish
1902	T6	0	6	1902	1	148	1903	Finish
1903	T6	0	6	1903	1	148	1904	Finish
1904	T6	0	6	1904	1	148	1905	Finish
1905	T6	0	6	1905	1	148	1906	Finish
1906	T6	0	6	1906	1	148	1907	Finish
1907	T6	0	6	1907	1	148	1908	Finish
1908	T6	0	6	1908	1	148	1909	Finish
1909	T6	0	6	1909	1	148	1910	Finish
1910	T6	0	6	1910	1	148	1911	Finish
1911	T6	0	6	1911	1	148	1912	Finish
1912	T6	0	6	1912	1	148	1913	Finish
1913	T6	0	6	1913	1	148	1914	Finish
1914	T6	0	6	1914	1	148	1915	Finish
1915	T6	0	6	1915	1	148	1916	Finish
1916	T6	0	6	1916	1	148	1917	Finish
1917	T6	0	6	1917	1	148	1918	Finish
1918	T6	0	6	1918	1	148	1919	Finish
1919	T6	0	6	1919	1	148	1920	Finish
1920	T6	0	6	1920	1	148	1921	Finish
1921	T6	0	6	1921	1	148	1922	Finish
1922	T6	0	6	1922	1	148	1923	Finish
1923	T6	0	6	1923	1	148	1924	Finish
1924	T6	0	6	1924	1	148	1925	Finish
1925	T6	0	6	1925	1	148	1926	Finish
1926	T6	0	6	1926	1	148	1927	Finish
1927	T6	0	6	1927	1	148	1928	Finish
1928	T6	0	6	1928	1	148	1929	Finish
1929	T6	0	6	1929	1	148	1930	Finish
1930	T6	0	6	1930	1	148	1931	Finish
1931	T6	0	6	1931	1	148	1932	Finish
1932	T6	0	6	1932	1	148	1933	Finish
1933	T6	0	6	1933	1	148	1934	Finish
1934	T6	0	6	1934	1	148	1935	Finish
1935	T6	0	6	1935	1	148	1936	Finish
1936	T6	0	6	1936	1	148	1937	Finish
1937	T6	0	6	1937	1	148	1938	Finish
1938	T6	0	6	1938	1	148	1939	Finish
1939	T6	0	6	1939	1	148	1940	Finish
1940	T6	0	6	1940	1	148	1941	Finish
1941	T6	0	6	1941	1	148	1942	Finish
1942	T6	0	6	1942	1	148	1943	Finish
1943	T6	0	6	1943	1	148	1944	Finish
1944	T6	0	6	1944	1	148	1945	Finish
1945	T6	0	6	1945	1	148	1946	Finish
1946	T6	0	6	1946	1	148	1947	Finish
1947	T6	0	6	1947	1	148	1948	Finish
1948	T6	0	6	1948	1	148	1949	Finish
1949	T6	0	6	1949	1	148	1950	Finish
1950	T6	0	6	1950	1	148	1951	Finish
1951	T6	0	6	1951	1	148	1952	Finish
1952	T6	0	6	1952	1	148	1953	Finish
1953	T6	0	6	1953	1	148	1954	Finish
1954	T6	0	6	1954	1	148	1955	Finish
1955	T6	0	6	1955	1	148	1956	Finish
1956	T6	0	6	1956	1	148	1957	Finish
1957	T6	0	6	1957	1	148	1958	Finish
1958	T6	0	6	1958	1	148	1959	Finish
1959	T6	0	6	1959	1	148	1960	Finish
1960	T6	0	6	1960	1	148	1961	Finish
1961	T6	0	6	1961	1	148	1962	Finish
1962	T6	0	6	1962	1	148	1963	Finish
1963	T6	0	6	1963	1	148	1964	Finish
1964	T6	0	6	1964	1	148	1965	Finish
1965	T6	0	6	1965	1	148	1966	Finish
1966	T6	0	6	1966	1	148	1967	Finish
1967	T6	0	6	1967	1	148	1968	Finish
1968	T6	0	6	1968	1	148	1969	Finish
1969	T6	0	6	1969	1	148	1970	Finish
1970	T6	0	6	1970	1	148	1971	Finish
1971	T6	0	6	1971	1	148	1972	Finish
1972	T6	0	6	1972	1	148	1973	Finish
1973	T6	0	6	1973	1	148	1974	Finish
1974	T6	0	6	1974	1	148	1975	Finish
1975	T6	0	6	1975	1	148	1976	Finish
1976	T6	0	6	1976	1	148	1977	Finish
1977	T6	0	6	1977	1	148	1978	Finish
1978	T6	0	6	1978	1	148	1979	Finish
1979	T6	0	6	1979	1	148	1980	Finish
1980	T6	0	6	1980	1	148	1981	Finish
1981	T6	0	6	1981	1	148	1982	Finish
1982	T6	0	6	1982	1	148	1983	Finish
1983	T6	0	6	1983	1	148	1984	Finish
1984	T6	0	6	1984	1	148	1985	Finish
1985	T6	0	6	1985	1	148	1986	Finish
1986	T6	0	6	1986	1	148	1987	Finish
1987	T6	0	6	1987	1	148	1988	Finish
1988	T6	0	6	1988	1	148	1989	Finish
1989	T6	0	6	1989	1	148	1990	Finish
1990	T6	0	6	1990	1	148	1991	Finish
1991	T2	0	3	1991	1	160	1992	 
1992	T2	0	3	1992	1	160	1993	 
1993	T2	0	3	1993	1	160	1994	Finish
1994	T2	0	3	1994	1	160	1995	Finish
1995	T2	0	3	1995	1	160	1996	Finish
1996	T2	0	3	1996	1	160	1997	Finish
1997	T2	0	3	1997	1	160	1998	Finish
1998	T2	0	3	1998	1	160	1999	Finish
1999	T2	0	3	1999	1	160	2000	Finish
2000	T2	0	3	2000	1	160	2001	Finish
2001	T2	0	3	2001	1	160	2002	Finish
2002	T2	0	3	2002	1	160	2003	Finish
2003	T2	0	3	2003	1	160	2004	Finish
2004	T2	0	3	2004	1	160	2005	Finish
2005	T2	0	3	2005	1	160	2006	Finish
2006	T2	0	3	2006	1	160	2007	Finish
2007	T2	0	3	2007	1	160	2008	Finish
2008	T2	0	3	2008	1	160	2009	Finish
2009	T2	0	3	2009	1	160	2010	Finish
2010	T2	0	3	2010	1	160	2011	Finish
2011	T2	0	3	2011	1	160	2012	Finish
2012	T2	0	3	2012	1	160	2013	Finish
2013	T2	0	3	2013	1	160	2014	Finish
2014	T2	0	3	2014	1	160	2015	Finish
2015	T2	0	3	2015	1	160	2016	Finish
2016	T2	0	3	2016	1	160	2017	Finish
2017	T2	0	3	2017	1	160	2018	Finish
2018	T2	0	3	2018	1	160	2019	Finish
2019	T2	0	3	2019	1	160	2020	Finish
2020	T2	0	3	2020	1	160	2021	Finish
2021	T2	0	3	2021	1	160	2022	Finish
2022	T2	0	3	2022	1	160	2023	Finish
2023	T2	0	3	2023	1	160	2024	Finish
2024	T2	0	3	2024	1	160	2025	Finish
2025	T2	0	3	2025	1	160	2026	Finish
2026	T2	0	3	2026	1	160	2027	Finish
2027	T2	0	3	2027	1	160	2028	Finish
2028	T2	0	3	2028	1	160	2029	Finish
2029	T2	0	3	2029	1	160	2030	Finish
2030	T2	0	3	2030	1	160	2031	Finish
2031	T2	0	3	2031	1	160	2032	Finish
2032	T2	0	3	2032	1	160	2033	Finish
2033	T2	0	3	2033	1	160	2034	Finish
2034	T2	0	3	2034	1	160	2035	Finish
2035	T2	0	3	2035	1	160	2036	Finish
2036	T2	0	3	2036	1	160	2037	Finish
2037	T2	0	3	2037	1	160	2038	Finish
2038	T2	0	3	2038	1	160	2039	Finish
2039	T2	0	3	2039	1	160	2040	Finish
2040	T2	0	3	2040	1	160	2041	Finish
2041	T2	0	3	2041	1	160	2042	Finish
2042	T2	0	3	2042	1	160	2043	Finish
2043	T2	0	3	2043	1	160	2044	Finish
2044	T2	0	3	2044	1	160	2045	Finish
2045	T2	0	3	2045	1	160	2046	Finish
2046	T2	0	3	2046	1	160	2047	Finish
2047	T2	0	3	2047	1	160	2048	Finish
2048	T2	0	3	2048	1	160	2049	Finish
2049	T2	0	3	2049	1	160	2050	Finish
2050	T2	0	3	2050	1	160	2051	Finish
2051	T2	0	3	2051	1	160	2052	Finish
2052	T2	0	3	2052	1	160	2053	Finish
2053	T2	0	3	2053	1	160	2054	Finish
2054	T2	0	3	2054	1	160	2055	Finish
2055	T2	0	3	2055	1	160	2056	Finish
2056	T2	0	3	2056	1	160	2057	Finish
2057	T2	0	3	2057	1	160	2058	Finish
2058	T2	0	3	2058	1	160	2059	Finish
2059	T2	0	3	2059	1	160	2060	Finish
2060	T2	0	3	2060	1	160	2061	Finish
2061	T2	0	3	2061	1	160	2062	Finish
2062	T2	0	3	2062	1	160	2063	Finish
2063	T2	0	3	2063	1	160	2064	Finish
2064	T2	0	3	2064	1	160	2065	Finish
2065	T2	0	3	2065	1	160	2066	Finish
2066	T2	0	3	2066	1	160	2067	Finish
2067	T2	0	3	2067	1	160	2068	Finish
2068	T2	0	3	2068	1	160	2069	Finish
2069	T2	0	3	2069	1	160	2070	Finish
2070	T2	0	3	2070	1	160	2071	Finish
2071	T2	0	3	2071	1	160	2072	Finish
2072	T2	0	3	2072	1	160	2073	Finish
2073	T2	0	3	2073	1	160	2074	Finish
2074	T2	0	3	2074	1	160	2075	Finish
2075	T2	0	3	2075	1	160	2076	Finish
2076	T2	0	3	2076	1	160	2077	Finish
2077	T2	0	3	2077	1	160	2078	Finish
2078	T2	0	3	2078	1	160	2079	Finish
2079	T2	0	3	2079	1	160	2080	Finish
2080	T2	0	3	2080	1	160	2081	Finish
2081	T2	0	3	2081	1	160	2082	Finish
2082	T2	0	3	2082	1	160	2083	Finish
2083	T2	0	3	2083	1	160	2084	Finish
2084	T2	0	3	2084	1	160	2085	Finish
2085	T2	0	3	2085	1	160	2086	Finish
2086	T2	0	3	2086	1	160	2087	Finish
2087	T2	0	3	2087	1	160	2088	Finish
2088	T2	0	3	2088	1	160	2089	Finish
2089	T2	0	3	2089	1	160	2090	Finish
2090	T2	0	3	2090	1	160	2091	Finish
2091	T2	0	3	2091	1	160	2092	Finish
2092	T2	0	3	2092	1	160	2093	Finish
2093	T2	0	3	2093	1	160	2094	Finish
2094	T2	0	3	2094	1	160	2095	Finish
2095	T2	0	3	2095	1	160	2096	Finish
2096	T2	0	3	2096	1	160	2097	Finish
2097	T2	0	3	2097	1	160	2098	Finish
2098	T2	0	3	2098	1	160	2099	Finish
2099	T2	0	3	2099	1	160	2100	Finish
2100	T2	0	3	2100	1	160	2101	Finish
2101	T2	0	3	2101	1	160	2102	Finish
2102	T2	0	3	2102	1	160	2103	Finish
2103	T2	0	3	2103	1	160	2104	Finish
2104	T2	0	3	2104	1	160	2105	Finish
2105	T2	0	3	2105	1	160	2106	Finish
2106	T2	0	3	2106	1	160	2107	Finish
2107	T2	0	3	2107	1	160	2108	Finish
2108	T2	0	3	2108	1	160	2109	Finish
2109	T2	0	3	2109	1	160	2110	Finish
2110	T2	0	3	2110	1	160	2111	Finish
2111	T2	0	3	2111	1	160	2112	Finish
2112	T2	0	3	2112	1	160	2113	Finish
2113	T2	0	3	2113	1	160	2114	Finish
2114	T2	0	3	2114	1	160	2115	Finish
2115	T2	0	3	2115	1	160	2116	Finish
2116	T2	0	3	2116	1	160	2117	Finish
2117	T2	0	3	2117	1	160	2118	Finish
2118	T2	0	3	2118	1	160	2119	Finish
2119	T2	0	3	2119	1	160	2120	Finish
2120	T2	0	3	2120	1	160	2121	Finish
2121	T2	0	3	2121	1	160	2122	Finish
2122	T2	0	3	2122	1	160	2123	Finish
2123	T2	0	3	2123	1	160	2124	Finish
2124	T2	0	3	2124	1	160	2125	Finish
2125	T2	0	3	2125	1	160	2126	Finish
2126	T3	0	10	2126	1	161	2127	 
2127	T3	0	10	2127	1	161	2128	 
2128	T3	0	10	2128	1	161	2129	 
2129	T3	0	10	2129	1	161	2130	 
2130	T3	0	10	2130	1	161	2131	 
2131	T3	0	10	2131	1	161	2132	 
2132	T3	0	10	2132	1	161	2133	 
2133	T3	0	10	2133	1	161	2134	 
2134	T3	0	10	2134	1	161	2135	 
2135	T3	0	10	2135	1	161	2136	Finish
2136	T3	0	10	2136	1	161	2137	Finish
2137	T3	0	10	2137	1	161	2138	Finish
2138	T3	0	10	2138	1	161	2139	Finish
2139	T3	0	10	2139	1	161	2140	Finish
2140	T3	0	10	2140	1	161	2141	Finish
2141	T3	0	10	2141	1	161	2142	Finish
2142	T3	0	10	2142	1	161	2143	Finish
2143	T3	0	10	2143	1	161	2144	Finish
2144	T3	0	10	2144	1	161	2145	Finish
2145	T3	0	10	2145	1	161	2146	Finish
2146	T3	0	10	2146	1	161	2147	Finish
2147	T3	0	10	2147	1	161	2148	Finish
2148	T3	0	10	2148	1	161	2149	Finish
2149	T3	0	10	2149	1	161	2150	Finish
2150	T3	0	10	2150	1	161	2151	Finish
2151	T3	0	10	2151	1	161	2152	Finish
2152	T3	0	10	2152	1	161	2153	Finish
2153	T3	0	10	2153	1	161	2154	Finish
2154	T3	0	10	2154	1	161	2155	Finish
2155	T3	0	10	2155	1	161	2156	Finish
2156	T3	0	10	2156	1	161	2157	Finish
2157	T3	0	10	2157	1	161	2158	Finish
2158	T3	0	10	2158	1	161	2159	Finish
2159	T3	0	10	2159	1	161	2160	Finish
2160	T3	0	10	2160	1	161	2161	Finish
2161	T3	0	10	2161	1	161	2162	Finish
2162	T3	0	10	2162	1	161	2163	Finish
2163	T3	0	10	2163	1	161	2164	Finish
2164	T3	0	10	2164	1	161	2165	Finish
2165	T3	0	10	2165	1	161	2166	Finish
2166	T3	0	10	2166	1	161	2167	Finish
2167	T3	0	10	2167	1	161	2168	Finish
2168	T3	0	10	2168	1	161	2169	Finish
2169	T3	0	10	2169	1	161	2170	Finish
2170	T3	0	10	2170	1	161	2171	Finish
2171	T3	0	10	2171	1	161	2172	Finish
2172	T3	0	10	2172	1	161	2173	Finish
2173	T3	0	10	2173	1	161	2174	Finish
2174	T3	0	10	2174	1	161	2175	Finish
2175	T3	0	10	2175	1	161	2176	Finish
2176	T3	0	10	2176	1	161	2177	Finish
2177	T3	0	10	2177	1	161	2178	Finish
2178	T3	0	10	2178	1	161	2179	Finish
2179	T3	0	10	2179	1	161	2180	Finish
2180	T3	0	10	2180	1	161	2181	Finish
2181	T3	0	10	2181	1	161	2182	Finish
2182	T3	0	10	2182	1	161	2183	Finish
2183	T3	0	10	2183	1	161	2184	Finish
2184	T3	0	10	2184	1	161	2185	Finish
2185	T3	0	10	2185	1	161	2186	Finish
2186	T3	0	10	2186	1	161	2187	Finish
2187	T3	0	10	2187	1	161	2188	Finish
2188	T3	0	10	2188	1	161	2189	Finish
2189	T3	0	10	2189	1	161	2190	Finish
2190	T3	0	10	2190	1	161	2191	Finish
2191	T3	0	10	2191	1	161	2192	Finish
2192	T3	0	10	2192	1	161	2193	Finish
2193	T3	0	10	2193	1	161	2194	Finish
2194	T3	0	10	2194	1	161	2195	Finish
2195	T3	0	10	2195	1	161	2196	Finish
2196	T3	0	10	2196	1	161	2197	Finish
2197	T3	0	10	2197	1	161	2198	Finish
2198	T3	0	10	2198	1	161	2199	Finish
2199	T3	0	10	2199	1	161	2200	Finish
2200	T3	0	10	2200	1	161	2201	Finish
2201	T3	0	10	2201	1	161	2202	Finish
2202	T3	0	10	2202	1	161	2203	Finish
2203	T3	0	10	2203	1	161	2204	Finish
2204	T3	0	10	2204	1	161	2205	Finish
2205	T3	0	10	2205	1	161	2206	Finish
2206	T3	0	10	2206	1	161	2207	Finish
2207	T3	0	10	2207	1	161	2208	Finish
2208	T3	0	10	2208	1	161	2209	Finish
2209	T3	0	10	2209	1	161	2210	Finish
2210	T3	0	10	2210	1	161	2211	Finish
2211	T3	0	10	2211	1	161	2212	Finish
2212	T3	0	10	2212	1	161	2213	Finish
2213	T3	0	10	2213	1	161	2214	Finish
2214	T3	0	10	2214	1	161	2215	Finish
2215	T3	0	10	2215	1	161	2216	Finish
2216	T3	0	10	2216	1	161	2217	Finish
2217	T3	0	10	2217	1	161	2218	Finish
2218	T3	0	10	2218	1	161	2219	Finish
2219	T3	0	10	2219	1	161	2220	Finish
2220	T3	0	10	2220	1	161	2221	Finish
2221	T3	0	10	2221	1	161	2222	Finish
2222	T3	0	10	2222	1	161	2223	Finish
2223	T3	0	10	2223	1	161	2224	Finish
2224	T3	0	10	2224	1	161	2225	Finish
2225	T3	0	10	2225	1	161	2226	Finish
2226	T3	0	10	2226	1	161	2227	Finish
2227	T3	0	10	2227	1	161	2228	Finish
2228	T3	0	10	2228	1	161	2229	Finish
2229	T3	0	10	2229	1	161	2230	Finish
2230	T3	0	10	2230	1	161	2231	Finish
2231	T3	0	10	2231	1	161	2232	Finish
2232	T3	0	10	2232	1	161	2233	Finish
2233	T3	0	10	2233	1	161	2234	Finish
2234	T3	0	10	2234	1	161	2235	Finish
2235	T3	0	10	2235	1	161	2236	Finish
2236	T3	0	10	2236	1	161	2237	Finish
2237	T3	0	10	2237	1	161	2238	Finish
2238	T3	0	10	2238	1	161	2239	Finish
2239	T3	0	10	2239	1	161	2240	Finish
2240	T3	0	10	2240	1	161	2241	Finish
2241	T3	0	10	2241	1	161	2242	Finish
2242	T3	0	10	2242	1	161	2243	Finish
2243	T3	0	10	2243	1	161	2244	Finish
2244	T3	0	10	2244	1	161	2245	Finish
2245	T3	0	10	2245	1	161	2246	Finish
2246	T3	0	10	2246	1	161	2247	Finish
2247	T3	0	10	2247	1	161	2248	Finish
2248	T3	0	10	2248	1	161	2249	Finish
2249	T3	0	10	2249	1	161	2250	Finish
2250	T3	0	10	2250	1	161	2251	Finish
2251	T3	0	10	2251	1	161	2252	Finish
2252	T3	0	10	2252	1	161	2253	Finish
2253	T3	0	10	2253	1	161	2254	Finish
2254	T3	0	10	2254	1	161	2255	Finish
2255	T3	0	10	2255	1	161	2256	Finish
2256	T3	0	10	2256	1	161	2257	Finish
2257	T3	0	10	2257	1	161	2258	Finish
2258	T3	0	10	2258	1	161	2259	Finish
2259	T3	0	10	2259	1	161	2260	Finish
2260	T3	0	10	2260	1	161	2261	Finish
2261	T3	0	10	2261	1	161	2262	Finish
2262	T3	0	10	2262	1	161	2263	Finish
2263	T3	0	10	2263	1	161	2264	Finish
2264	T3	0	10	2264	1	161	2265	Finish
2265	T3	0	10	2265	1	161	2266	Finish
2266	T3	0	10	2266	1	161	2267	Finish
2267	T3	0	10	2267	1	161	2268	Finish
2268	T6	0	6	2268	1	164	2269	 
2269	T6	0	6	2269	1	164	2270	 
2270	T6	0	6	2270	1	164	2271	 
2271	T6	0	6	2271	1	164	2272	 
2272	T6	0	6	2272	1	164	2273	 
2273	T6	0	6	2273	1	164	2274	Finish
2274	T6	0	6	2274	1	164	2275	Finish
2275	T6	0	6	2275	1	164	2276	Finish
2276	T6	0	6	2276	1	164	2277	Finish
2277	T6	0	6	2277	1	164	2278	Finish
2278	T6	0	6	2278	1	164	2279	Finish
2279	T6	0	6	2279	1	164	2280	Finish
2280	T6	0	6	2280	1	164	2281	Finish
2281	T6	0	6	2281	1	164	2282	Finish
2282	T6	0	6	2282	1	164	2283	Finish
2283	T6	0	6	2283	1	164	2284	Finish
2284	T6	0	6	2284	1	164	2285	Finish
2285	T6	0	6	2285	1	164	2286	Finish
2286	T6	0	6	2286	1	164	2287	Finish
2287	T6	0	6	2287	1	164	2288	Finish
2288	T6	0	6	2288	1	164	2289	Finish
2289	T6	0	6	2289	1	164	2290	Finish
2290	T6	0	6	2290	1	164	2291	Finish
2291	T6	0	6	2291	1	164	2292	Finish
2292	T6	0	6	2292	1	164	2293	Finish
2293	T6	0	6	2293	1	164	2294	Finish
2294	T6	0	6	2294	1	164	2295	Finish
2295	T6	0	6	2295	1	164	2296	Finish
2296	T6	0	6	2296	1	164	2297	Finish
2297	T6	0	6	2297	1	164	2298	Finish
2298	T6	0	6	2298	1	164	2299	Finish
2299	T6	0	6	2299	1	164	2300	Finish
2300	T6	0	6	2300	1	164	2301	Finish
2301	T6	0	6	2301	1	164	2302	Finish
2302	T6	0	6	2302	1	164	2303	Finish
2303	T6	0	6	2303	1	164	2304	Finish
2304	T6	0	6	2304	1	164	2305	Finish
2305	T6	0	6	2305	1	164	2306	Finish
2306	T6	0	6	2306	1	164	2307	Finish
2307	T6	0	6	2307	1	164	2308	Finish
2308	T6	0	6	2308	1	164	2309	Finish
2309	T6	0	6	2309	1	164	2310	Finish
2310	T6	0	6	2310	1	164	2311	Finish
2311	T6	0	6	2311	1	164	2312	Finish
2312	T6	0	6	2312	1	164	2313	Finish
2313	T6	0	6	2313	1	164	2314	Finish
2314	T6	0	6	2314	1	164	2315	Finish
2315	T6	0	6	2315	1	164	2316	Finish
2316	T6	0	6	2316	1	164	2317	Finish
2317	T6	0	6	2317	1	164	2318	Finish
2318	T6	0	6	2318	1	164	2319	Finish
2319	T6	0	6	2319	1	164	2320	Finish
2320	T6	0	6	2320	1	164	2321	Finish
2321	T6	0	6	2321	1	164	2322	Finish
2322	T6	0	6	2322	1	164	2323	Finish
2323	T6	0	6	2323	1	164	2324	Finish
2324	T6	0	6	2324	1	164	2325	Finish
2325	T6	0	6	2325	1	164	2326	Finish
2326	T6	0	6	2326	1	164	2327	Finish
2327	T6	0	6	2327	1	164	2328	Finish
2328	T6	0	6	2328	1	164	2329	Finish
2329	T6	0	6	2329	1	164	2330	Finish
2330	T6	0	6	2330	1	164	2331	Finish
2331	T6	0	6	2331	1	164	2332	Finish
2332	T6	0	6	2332	1	164	2333	Finish
2333	T6	0	6	2333	1	164	2334	Finish
2334	T6	0	6	2334	1	164	2335	Finish
2335	T6	0	6	2335	1	164	2336	Finish
2336	T6	0	6	2336	1	164	2337	Finish
2337	T6	0	6	2337	1	164	2338	Finish
2338	T6	0	6	2338	1	164	2339	Finish
2339	T6	0	6	2339	1	164	2340	Finish
2340	T6	0	6	2340	1	164	2341	Finish
2341	T6	0	6	2341	1	164	2342	Finish
2342	T6	0	6	2342	1	164	2343	Finish
2343	T6	0	6	2343	1	164	2344	Finish
2344	T6	0	6	2344	1	164	2345	Finish
2345	T6	0	6	2345	1	164	2346	Finish
2346	T6	0	6	2346	1	164	2347	Finish
2347	T6	0	6	2347	1	164	2348	Finish
2348	T6	0	6	2348	1	164	2349	Finish
2349	T6	0	6	2349	1	164	2350	Finish
2350	T6	0	6	2350	1	164	2351	Finish
2351	T6	0	6	2351	1	164	2352	Finish
2352	T6	0	6	2352	1	164	2353	Finish
2353	T6	0	6	2353	1	164	2354	Finish
2354	T6	0	6	2354	1	164	2355	Finish
2355	T6	0	6	2355	1	164	2356	Finish
2356	T6	0	6	2356	1	164	2357	Finish
2357	T6	0	6	2357	1	164	2358	Finish
2358	T6	0	6	2358	1	164	2359	Finish
2359	T6	0	6	2359	1	164	2360	Finish
2360	T6	0	6	2360	1	164	2361	Finish
2361	T6	0	6	2361	1	164	2362	Finish
2362	T6	0	6	2362	1	164	2363	Finish
2363	T6	0	6	2363	1	164	2364	Finish
2364	T6	0	6	2364	1	164	2365	Finish
2365	T6	0	6	2365	1	164	2366	Finish
2366	T6	0	6	2366	1	164	2367	Finish
2367	T6	0	6	2367	1	164	2368	Finish
2368	T6	0	6	2368	1	164	2369	Finish
2369	T6	0	6	2369	1	164	2370	Finish
2370	T6	0	6	2370	1	164	2371	Finish
2371	T6	0	6	2371	1	164	2372	Finish
2372	T6	0	6	2372	1	164	2373	Finish
2373	T6	0	6	2373	1	164	2374	Finish
2374	T6	0	6	2374	1	164	2375	Finish
2375	T6	0	6	2375	1	164	2376	Finish
2376	T6	0	6	2376	1	164	2377	Finish
2377	T6	0	6	2377	1	164	2378	Finish
2378	T6	0	6	2378	1	164	2379	Finish
2379	T6	0	6	2379	1	164	2380	Finish
2380	T6	0	6	2380	1	164	2381	Finish
2381	T6	0	6	2381	1	164	2382	Finish
2382	T6	0	6	2382	1	164	2383	Finish
2383	T6	0	6	2383	1	164	2384	Finish
2384	T6	0	6	2384	1	164	2385	Finish
2385	T6	0	6	2385	1	164	2386	Finish
2386	T6	0	6	2386	1	164	2387	Finish
2387	T6	0	6	2387	1	164	2388	Finish
2388	T6	0	6	2388	1	164	2389	Finish
2389	T6	0	6	2389	1	164	2390	Finish
2390	T6	0	6	2390	1	164	2391	Finish
2391	T6	0	6	2391	1	164	2392	Finish
2392	T6	0	6	2392	1	164	2393	Finish
2393	T6	0	6	2393	1	164	2394	Finish
2394	T6	0	6	2394	1	164	2395	Finish
2395	T6	0	6	2395	1	164	2396	Finish
2396	T6	0	6	2396	1	164	2397	Finish
2397	T6	0	6	2397	1	164	2398	Finish
2398	T6	0	6	2398	1	164	2399	Finish
2399	T6	0	6	2399	1	164	2400	Finish
2400	T6	0	6	2400	1	164	2401	Finish
2401	T6	0	6	2401	1	164	2402	Finish
2402	T6	0	6	2402	1	164	2403	Finish
2403	T6	0	6	2403	1	164	2404	Finish
2404	T6	0	6	2404	1	164	2405	Finish
2405	T6	0	6	2405	1	164	2406	Finish
2406	T6	0	6	2406	1	164	2407	Finish
2407	T6	0	6	2407	1	164	2408	Finish
2408	T6	0	6	2408	1	164	2409	Finish
2409	T6	0	6	2409	1	164	2410	Finish
2410	T6	0	6	2410	1	164	2411	Finish
2411	T6	0	6	2411	1	164	2412	Finish
2412	T6	0	6	2412	1	164	2413	Finish
2413	T6	0	6	2413	1	164	2414	Finish
2414	T6	0	6	2414	1	164	2415	Finish
2415	T6	0	6	2415	1	164	2416	Finish
2416	T6	0	6	2416	1	164	2417	Finish
2417	T6	0	6	2417	1	164	2418	Finish
2418	T1	0	10	2418	1	165	2419	 
2419	T1	0	10	2419	1	165	2420	 
2420	T1	0	10	2420	1	165	2421	 
2421	T1	0	10	2421	1	165	2422	 
2422	T1	0	10	2422	1	165	2423	 
2423	T1	0	10	2423	1	165	2424	 
2424	T1	0	10	2424	1	165	2425	 
2425	T1	0	10	2425	1	165	2426	 
2426	T1	0	10	2426	1	165	2427	 
2427	T1	0	10	2427	1	165	2428	Finish
2428	T1	0	10	2428	1	165	2429	Finish
2429	T1	0	10	2429	1	165	2430	Finish
2430	T1	0	10	2430	1	165	2431	Finish
2431	T1	0	10	2431	1	165	2432	Finish
2432	T1	0	10	2432	1	165	2433	Finish
2433	T1	0	10	2433	1	165	2434	Finish
2434	T1	0	10	2434	1	165	2435	Finish
2435	T1	0	10	2435	1	165	2436	Finish
2436	T1	0	10	2436	1	165	2437	Finish
2437	T1	0	10	2437	1	165	2438	Finish
2438	T1	0	10	2438	1	165	2439	Finish
2439	T1	0	10	2439	1	165	2440	Finish
2440	T1	0	10	2440	1	165	2441	Finish
2441	T1	0	10	2441	1	165	2442	Finish
2442	T1	0	10	2442	1	165	2443	Finish
2443	T1	0	10	2443	1	165	2444	Finish
2444	T1	0	10	2444	1	165	2445	Finish
2445	T1	0	10	2445	1	165	2446	Finish
2446	T1	0	10	2446	1	165	2447	Finish
2447	T1	0	10	2447	1	165	2448	Finish
2448	T1	0	10	2448	1	165	2449	Finish
2449	T1	0	10	2449	1	165	2450	Finish
2450	T1	0	10	2450	1	165	2451	Finish
2451	T1	0	10	2451	1	165	2452	Finish
2452	T1	0	10	2452	1	165	2453	Finish
2453	T1	0	10	2453	1	165	2454	Finish
2454	T1	0	10	2454	1	165	2455	Finish
2455	T1	0	10	2455	1	165	2456	Finish
2456	T1	0	10	2456	1	165	2457	Finish
2457	T1	0	10	2457	1	165	2458	Finish
2458	T1	0	10	2458	1	165	2459	Finish
2459	T1	0	10	2459	1	165	2460	Finish
2460	T1	0	10	2460	1	165	2461	Finish
2461	T1	0	10	2461	1	165	2462	Finish
2462	T1	0	10	2462	1	165	2463	Finish
2463	T1	0	10	2463	1	165	2464	Finish
2464	T1	0	10	2464	1	165	2465	Finish
2465	T1	0	10	2465	1	165	2466	Finish
2466	T1	0	10	2466	1	165	2467	Finish
2467	T1	0	10	2467	1	165	2468	Finish
2468	T1	0	10	2468	1	165	2469	Finish
2469	T1	0	10	2469	1	165	2470	Finish
2470	T1	0	10	2470	1	165	2471	Finish
2471	T1	0	10	2471	1	165	2472	Finish
2472	T1	0	10	2472	1	165	2473	Finish
2473	T1	0	10	2473	1	165	2474	Finish
2474	T1	0	10	2474	1	165	2475	Finish
2475	T1	0	10	2475	1	165	2476	Finish
2476	T1	0	10	2476	1	165	2477	Finish
2477	T1	0	10	2477	1	165	2478	Finish
2478	T1	0	10	2478	1	165	2479	Finish
2479	T1	0	10	2479	1	165	2480	Finish
2480	T1	0	10	2480	1	165	2481	Finish
2481	T1	0	10	2481	1	165	2482	Finish
2482	T1	0	10	2482	1	165	2483	Finish
2483	T1	0	10	2483	1	165	2484	Finish
2484	T1	0	10	2484	1	165	2485	Finish
2485	T1	0	10	2485	1	165	2486	Finish
2486	T1	0	10	2486	1	165	2487	Finish
2487	T1	0	10	2487	1	165	2488	Finish
2488	T1	0	10	2488	1	165	2489	Finish
2489	T1	0	10	2489	1	165	2490	Finish
2490	T1	0	10	2490	1	165	2491	Finish
2491	T1	0	10	2491	1	165	2492	Finish
2492	T1	0	10	2492	1	165	2493	Finish
2493	T1	0	10	2493	1	165	2494	Finish
2494	T1	0	10	2494	1	165	2495	Finish
2495	T1	0	10	2495	1	165	2496	Finish
2496	T1	0	10	2496	1	165	2497	Finish
2497	T1	0	10	2497	1	165	2498	Finish
2498	T1	0	10	2498	1	165	2499	Finish
2499	T1	0	10	2499	1	165	2500	Finish
2500	T1	0	10	2500	1	165	2501	Finish
2501	T1	0	10	2501	1	165	2502	Finish
2502	T1	0	10	2502	1	165	2503	Finish
2503	T1	0	10	2503	1	165	2504	Finish
2504	T1	0	10	2504	1	165	2505	Finish
2505	T1	0	10	2505	1	165	2506	Finish
2506	T1	0	10	2506	1	165	2507	Finish
2507	T1	0	10	2507	1	165	2508	Finish
2508	T1	0	10	2508	1	165	2509	Finish
2509	T1	0	10	2509	1	165	2510	Finish
2510	T1	0	10	2510	1	165	2511	Finish
2511	T1	0	10	2511	1	165	2512	Finish
2512	T1	0	10	2512	1	165	2513	Finish
2513	T1	0	10	2513	1	165	2514	Finish
2514	T1	0	10	2514	1	165	2515	Finish
2515	T1	0	10	2515	1	165	2516	Finish
2516	T1	0	10	2516	1	165	2517	Finish
2517	T1	0	10	2517	1	165	2518	Finish
2518	T1	0	10	2518	1	165	2519	Finish
2519	T1	0	10	2519	1	165	2520	Finish
2520	T1	0	10	2520	1	165	2521	Finish
2521	T1	0	10	2521	1	165	2522	Finish
2522	T1	0	10	2522	1	165	2523	Finish
2523	T1	0	10	2523	1	165	2524	Finish
2524	T1	0	10	2524	1	165	2525	Finish
2525	T1	0	10	2525	1	165	2526	Finish
2526	T1	0	10	2526	1	165	2527	Finish
2527	T1	0	10	2527	1	165	2528	Finish
2528	T1	0	10	2528	1	165	2529	Finish
2529	T1	0	10	2529	1	165	2530	Finish
2530	T1	0	10	2530	1	165	2531	Finish
2531	T1	0	10	2531	1	165	2532	Finish
2532	T1	0	10	2532	1	165	2533	Finish
2533	T1	0	10	2533	1	165	2534	Finish
2534	T1	0	10	2534	1	165	2535	Finish
2535	T1	0	10	2535	1	165	2536	Finish
2536	T1	0	10	2536	1	165	2537	Finish
2537	T1	0	10	2537	1	165	2538	Finish
2538	T1	0	10	2538	1	165	2539	Finish
2539	T1	0	10	2539	1	165	2540	Finish
2540	T1	0	10	2540	1	165	2541	Finish
2541	T1	0	10	2541	1	165	2542	Finish
2542	T1	0	10	2542	1	165	2543	Finish
2543	T1	0	10	2543	1	165	2544	Finish
2544	T1	0	10	2544	1	165	2545	Finish
2545	T1	0	10	2545	1	165	2546	Finish
2546	T1	0	10	2546	1	165	2547	Finish
2547	T1	0	10	2547	1	165	2548	Finish
2548	T1	0	10	2548	1	165	2549	Finish
2549	T1	0	10	2549	1	165	2550	Finish
2550	T1	0	10	2550	1	165	2551	Finish
2551	T1	0	10	2551	1	165	2552	Finish
2552	T1	0	10	2552	1	165	2553	Finish
2553	T1	0	10	2553	1	165	2554	Finish
2554	T1	0	10	2554	1	165	2555	Finish
2555	T1	0	10	2555	1	165	2556	Finish
2556	T1	0	10	2556	1	165	2557	Finish
2557	T1	0	10	2557	1	165	2558	Finish
2558	T1	0	10	2558	1	165	2559	Finish
2559	T1	0	10	2559	1	165	2560	Finish
2560	T5	1	5	2560	1	166	2561	 
2561	T5	1	5	2561	1	166	2562	 
2562	T5	1	5	2562	1	166	2563	 
2563	T5	1	5	2563	1	166	2564	 
2564	T5	1	5	2564	1	166	2565	Finish
2565	T5	1	5	2565	1	166	2566	Finish
2566	T5	1	5	2566	1	166	2567	Finish
2567	T5	1	5	2567	1	166	2568	Finish
2568	T5	1	5	2568	1	166	2569	Finish
2569	T5	1	5	2569	1	166	2570	Finish
2570	T5	1	5	2570	1	166	2571	Finish
2571	T5	1	5	2571	1	166	2572	Finish
2572	T5	1	5	2572	1	166	2573	Finish
2573	T5	1	5	2573	1	166	2574	Finish
2574	T5	1	5	2574	1	166	2575	Finish
2575	T5	1	5	2575	1	166	2576	Finish
2576	T5	1	5	2576	1	166	2577	Finish
2577	T5	1	5	2577	1	166	2578	Finish
2578	T5	1	5	2578	1	166	2579	Finish
2579	T5	1	5	2579	1	166	2580	Finish
2580	T5	1	5	2580	1	166	2581	Finish
2581	T5	1	5	2581	1	166	2582	Finish
2582	T5	1	5	2582	1	166	2583	Finish
2583	T5	1	5	2583	1	166	2584	Finish
2584	T5	1	5	2584	1	166	2585	Finish
2585	T5	1	5	2585	1	166	2586	Finish
2586	T5	1	5	2586	1	166	2587	Finish
2587	T5	1	5	2587	1	166	2588	Finish
2588	T5	1	5	2588	1	166	2589	Finish
2589	T5	1	5	2589	1	166	2590	Finish
2590	T5	1	5	2590	1	166	2591	Finish
2591	T5	1	5	2591	1	166	2592	Finish
2592	T5	1	5	2592	1	166	2593	Finish
2593	T5	1	5	2593	1	166	2594	Finish
2594	T5	1	5	2594	1	166	2595	Finish
2595	T5	1	5	2595	1	166	2596	Finish
2596	T5	1	5	2596	1	166	2597	Finish
2597	T5	1	5	2597	1	166	2598	Finish
2598	T5	1	5	2598	1	166	2599	Finish
2599	T5	1	5	2599	1	166	2600	Finish
2600	T5	1	5	2600	1	166	2601	Finish
2601	T5	1	5	2601	1	166	2602	Finish
2602	T5	1	5	2602	1	166	2603	Finish
2603	T5	1	5	2603	1	166	2604	Finish
2604	T5	1	5	2604	1	166	2605	Finish
2605	T5	1	5	2605	1	166	2606	Finish
2606	T5	1	5	2606	1	166	2607	Finish
2607	T5	1	5	2607	1	166	2608	Finish
2608	T5	1	5	2608	1	166	2609	Finish
2609	T5	1	5	2609	1	166	2610	Finish
2610	T5	1	5	2610	1	166	2611	Finish
2611	T5	1	5	2611	1	166	2612	Finish
2612	T5	1	5	2612	1	166	2613	Finish
2613	T5	1	5	2613	1	166	2614	Finish
2614	T5	1	5	2614	1	166	2615	Finish
2615	T5	1	5	2615	1	166	2616	Finish
2616	T5	1	5	2616	1	166	2617	Finish
2617	T5	1	5	2617	1	166	2618	Finish
2618	T5	1	5	2618	1	166	2619	Finish
2619	T5	1	5	2619	1	166	2620	Finish
2620	T5	1	5	2620	1	166	2621	Finish
2621	T5	1	5	2621	1	166	2622	Finish
2622	T5	1	5	2622	1	166	2623	Finish
2623	T5	1	5	2623	1	166	2624	Finish
2624	T5	1	5	2624	1	166	2625	Finish
2625	T5	1	5	2625	1	166	2626	Finish
2626	T5	1	5	2626	1	166	2627	Finish
2627	T5	1	5	2627	1	166	2628	Finish
2628	T5	1	5	2628	1	166	2629	Finish
2629	T5	1	5	2629	1	166	2630	Finish
2630	T5	1	5	2630	1	166	2631	Finish
2631	T5	1	5	2631	1	166	2632	Finish
2632	T5	1	5	2632	1	166	2633	Finish
2633	T5	1	5	2633	1	166	2634	Finish
2634	T5	1	5	2634	1	166	2635	Finish
2635	T5	1	5	2635	1	166	2636	Finish
2636	T5	1	5	2636	1	166	2637	Finish
2637	T5	1	5	2637	1	166	2638	Finish
2638	T5	1	5	2638	1	166	2639	Finish
2639	T5	1	5	2639	1	166	2640	Finish
