Content-type:text/html

RunTime	Name	Arrival	BT	Start	USE	PRI	END	STATUS 
0	T6	0	6	0	1	15	1	 
1	T6	0	6	1	1	15	2	 
2	T6	0	6	2	1	15	3	 
3	T6	0	6	3	1	15	4	 
4	T6	0	6	4	1	15	5	 
5	T6	0	6	5	1	15	6	 
6	T6	0	6	6	1	15	7	 
7	T6	0	6	7	1	15	8	 
8	T6	0	6	8	1	15	9	 
9	T6	0	6	9	1	15	10	 
10	T6	0	6	10	1	15	11	 
11	T6	0	6	11	1	15	12	 
12	T6	0	6	12	1	15	13	 
13	T6	0	6	13	1	15	14	 
14	T6	0	6	14	1	15	15	 
15	T6	0	6	15	1	15	16	 
16	T6	0	6	16	1	15	17	 
17	T6	0	6	17	1	15	18	 
18	T6	0	6	18	1	15	19	 
19	T6	0	6	19	1	15	20	 
20	T6	0	6	20	1	15	21	 
21	T6	0	6	21	1	15	22	 
22	T6	0	6	22	1	15	23	 
23	T6	0	6	23	1	15	24	 
24	T6	0	6	24	1	15	25	 
25	T6	0	6	25	1	15	26	 
26	T6	0	6	26	1	15	27	 
27	T6	0	6	27	1	15	28	 
28	T6	0	6	28	1	15	29	 
29	T6	0	6	29	1	15	30	 
30	T6	0	6	30	1	15	31	 
31	T6	0	6	31	1	15	32	 
32	T6	0	6	32	1	15	33	 
33	T6	0	6	33	1	15	34	 
34	T6	0	6	34	1	15	35	 
35	T6	0	6	35	1	15	36	 
36	T6	0	6	36	1	15	37	 
37	T6	0	6	37	1	15	38	 
38	T6	0	6	38	1	15	39	 
39	T6	0	6	39	1	15	40	 
40	T6	0	6	40	1	15	41	 
41	T6	0	6	41	1	15	42	 
42	T6	0	6	42	1	15	43	 
43	T6	0	6	43	1	15	44	 
44	T6	0	6	44	1	15	45	 
45	T6	0	6	45	1	15	46	 
46	T6	0	6	46	1	15	47	 
47	T6	0	6	47	1	15	48	 
48	T6	0	6	48	1	15	49	 
49	T6	0	6	49	1	15	50	 
50	T6	0	6	50	1	15	51	 
51	T6	0	6	51	1	15	52	 
52	T6	0	6	52	1	15	53	 
53	T6	0	6	53	1	15	54	 
54	T6	0	6	54	1	15	55	 
55	T6	0	6	55	1	15	56	 
56	T6	0	6	56	1	15	57	 
57	T6	0	6	57	1	15	58	 
58	T6	0	6	58	1	15	59	 
59	T6	0	6	59	1	15	60	 
60	T6	0	6	60	1	15	61	 
61	T6	0	6	61	1	15	62	 
62	T6	0	6	62	1	15	63	 
63	T6	0	6	63	1	15	64	 
64	T6	0	6	64	1	15	65	 
65	T6	0	6	65	1	15	66	 
66	T6	0	6	66	1	15	67	 
67	T6	0	6	67	1	15	68	 
68	T6	0	6	68	1	15	69	 
69	T6	0	6	69	1	15	70	 
70	T6	0	6	70	1	15	71	 
71	T6	0	6	71	1	15	72	 
72	T6	0	6	72	1	15	73	 
73	T6	0	6	73	1	15	74	 
74	T6	0	6	74	1	15	75	 
75	T6	0	6	75	1	15	76	 
76	T6	0	6	76	1	15	77	 
77	T6	0	6	77	1	15	78	 
78	T6	0	6	78	1	15	79	 
79	T6	0	6	79	1	15	80	 
80	T6	0	6	80	1	15	81	 
81	T6	0	6	81	1	15	82	 
82	T6	0	6	82	1	15	83	 
83	T6	0	6	83	1	15	84	 
84	T6	0	6	84	1	15	85	 
85	T6	0	6	85	1	15	86	 
86	T6	0	6	86	1	15	87	 
87	T6	0	6	87	1	15	88	 
88	T6	0	6	88	1	15	89	 
89	T6	0	6	89	1	15	90	 
90	T6	0	6	90	1	15	91	 
91	T6	0	6	91	1	15	92	 
92	T6	0	6	92	1	15	93	 
93	T6	0	6	93	1	15	94	 
94	T6	0	6	94	1	15	95	 
95	T6	0	6	95	1	15	96	 
96	T6	0	6	96	1	15	97	 
97	T6	0	6	97	1	15	98	 
98	T6	0	6	98	1	15	99	 
99	T6	0	6	99	1	15	100	 
100	T6	0	6	100	1	15	101	 
101	T6	0	6	101	1	15	102	 
102	T6	0	6	102	1	15	103	 
103	T6	0	6	103	1	15	104	 
104	T6	0	6	104	1	15	105	 
105	T6	0	6	105	1	15	106	 
106	T6	0	6	106	1	15	107	 
107	T6	0	6	107	1	15	108	 
108	T6	0	6	108	1	15	109	 
109	T6	0	6	109	1	15	110	 
110	T6	0	6	110	1	15	111	 
111	T6	0	6	111	1	15	112	 
112	T6	0	6	112	1	15	113	 
113	T6	0	6	113	1	15	114	 
114	T6	0	6	114	1	15	115	 
115	T6	0	6	115	1	15	116	 
116	T6	0	6	116	1	15	117	 
117	T6	0	6	117	1	15	118	 
118	T6	0	6	118	1	15	119	 
119	T6	0	6	119	1	15	120	 
120	T6	0	6	120	1	15	121	 
121	T6	0	6	121	1	15	122	 
122	T6	0	6	122	1	15	123	 
123	T6	0	6	123	1	15	124	 
124	T6	0	6	124	1	15	125	 
125	T6	0	6	125	1	15	126	 
126	T6	0	6	126	1	15	127	 
127	T6	0	6	127	1	15	128	 
128	T6	0	6	128	1	15	129	 
129	T6	0	6	129	1	15	130	 
130	T6	0	6	130	1	15	131	 
131	T6	0	6	131	1	15	132	 
132	T6	0	6	132	1	15	133	 
133	T6	0	6	133	1	15	134	 
134	T6	0	6	134	1	15	135	 
135	T6	0	6	135	1	15	136	 
136	T6	0	6	136	1	15	137	 
137	T6	0	6	137	1	15	138	 
138	T6	0	6	138	1	15	139	 
139	T6	0	6	139	1	15	140	 
140	T6	0	6	140	1	15	141	 
141	T6	0	6	141	1	15	142	 
142	T6	0	6	142	1	15	143	 
143	T6	0	6	143	1	15	144	 
144	T6	0	6	144	1	15	145	 
145	T6	0	6	145	1	15	146	 
146	T6	0	6	146	1	15	147	 
147	T6	0	6	147	1	15	148	 
148	T6	0	6	148	1	15	149	 
149	T6	0	6	149	1	15	150	 
150	T6	0	6	150	1	15	151	 
151	T6	0	6	151	1	15	152	 
152	T6	0	6	152	1	15	153	 
153	T6	0	6	153	1	15	154	 
154	T6	0	6	154	1	15	155	 
155	T6	0	6	155	1	15	156	 
156	T6	0	6	156	1	15	157	 
157	T6	0	6	157	1	15	158	 
158	T6	0	6	158	1	15	159	 
159	T6	0	6	159	1	15	160	 
160	T6	0	6	160	1	15	161	 
161	T6	0	6	161	1	15	162	 
162	T6	0	6	162	1	15	163	 
163	T6	0	6	163	1	15	164	 
164	T6	0	6	164	1	15	165	 
165	T6	0	6	165	1	16	166	 
166	T6	0	6	166	1	16	167	 
167	T6	0	6	167	1	16	168	 
168	T6	0	6	168	1	16	169	 
169	T6	0	6	169	1	16	170	 
170	T6	0	6	170	1	16	171	 
171	T6	0	6	171	1	16	172	 
172	T6	0	6	172	1	16	173	 
173	T6	0	6	173	1	16	174	 
174	T6	0	6	174	1	16	175	 
175	T6	0	6	175	1	16	176	 
176	T6	0	6	176	1	16	177	 
177	T6	0	6	177	1	16	178	 
178	T6	0	6	178	1	16	179	 
179	T6	0	6	179	1	16	180	 
180	T6	0	6	180	1	16	181	 
181	T6	0	6	181	1	16	182	 
182	T6	0	6	182	1	16	183	 
183	T6	0	6	183	1	16	184	 
184	T6	0	6	184	1	16	185	 
185	T6	0	6	185	1	16	186	 
186	T6	0	6	186	1	16	187	 
187	T6	0	6	187	1	16	188	 
188	T6	0	6	188	1	16	189	 
189	T6	0	6	189	1	16	190	 
190	T6	0	6	190	1	16	191	 
191	T6	0	6	191	1	16	192	 
192	T6	0	6	192	1	16	193	 
193	T6	0	6	193	1	16	194	 
194	T6	0	6	194	1	16	195	 
195	T6	0	6	195	1	16	196	 
196	T6	0	6	196	1	16	197	 
197	T6	0	6	197	1	16	198	 
198	T6	0	6	198	1	16	199	 
199	T6	0	6	199	1	16	200	 
200	T6	0	6	200	1	16	201	 
201	T6	0	6	201	1	16	202	 
202	T6	0	6	202	1	16	203	 
203	T6	0	6	203	1	16	204	 
204	T6	0	6	204	1	16	205	 
205	T6	0	6	205	1	16	206	 
206	T6	0	6	206	1	16	207	 
207	T6	0	6	207	1	16	208	 
208	T6	0	6	208	1	16	209	 
209	T6	0	6	209	1	16	210	 
210	T6	0	6	210	1	16	211	 
211	T6	0	6	211	1	16	212	 
212	T6	0	6	212	1	16	213	 
213	T6	0	6	213	1	16	214	 
214	T6	0	6	214	1	16	215	 
215	T6	0	6	215	1	16	216	 
216	T6	0	6	216	1	16	217	 
217	T6	0	6	217	1	16	218	 
218	T6	0	6	218	1	16	219	 
219	T6	0	6	219	1	16	220	 
220	T6	0	6	220	1	16	221	 
221	T6	0	6	221	1	16	222	 
222	T6	0	6	222	1	16	223	 
223	T6	0	6	223	1	16	224	 
224	T6	0	6	224	1	16	225	 
225	T6	0	6	225	1	16	226	 
226	T6	0	6	226	1	16	227	 
227	T6	0	6	227	1	16	228	 
228	T6	0	6	228	1	16	229	 
229	T6	0	6	229	1	16	230	 
230	T6	0	6	230	1	16	231	 
231	T6	0	6	231	1	16	232	 
232	T6	0	6	232	1	16	233	 
233	T6	0	6	233	1	16	234	 
234	T6	0	6	234	1	16	235	 
235	T6	0	6	235	1	16	236	 
236	T6	0	6	236	1	16	237	 
237	T6	0	6	237	1	16	238	 
238	T6	0	6	238	1	16	239	 
239	T6	0	6	239	1	16	240	 
240	T6	0	6	240	1	16	241	 
241	T6	0	6	241	1	16	242	 
242	T6	0	6	242	1	16	243	 
243	T6	0	6	243	1	16	244	 
244	T6	0	6	244	1	16	245	 
245	T6	0	6	245	1	16	246	 
246	T6	0	6	246	1	16	247	 
247	T6	0	6	247	1	16	248	 
248	T6	0	6	248	1	16	249	 
249	T6	0	6	249	1	16	250	 
250	T6	0	6	250	1	16	251	 
251	T6	0	6	251	1	16	252	 
252	T6	0	6	252	1	16	253	 
253	T6	0	6	253	1	16	254	 
254	T6	0	6	254	1	16	255	 
255	T6	0	6	255	1	16	256	 
256	T6	0	6	256	1	16	257	 
257	T6	0	6	257	1	16	258	 
258	T6	0	6	258	1	16	259	 
259	T6	0	6	259	1	16	260	 
260	T6	0	6	260	1	16	261	 
261	T6	0	6	261	1	16	262	 
262	T6	0	6	262	1	16	263	 
263	T6	0	6	263	1	16	264	 
264	T6	0	6	264	1	16	265	 
265	T6	0	6	265	1	16	266	 
266	T6	0	6	266	1	16	267	 
267	T6	0	6	267	1	16	268	 
268	T6	0	6	268	1	16	269	 
269	T6	0	6	269	1	16	270	 
270	T6	0	6	270	1	16	271	 
271	T6	0	6	271	1	16	272	 
272	T6	0	6	272	1	16	273	 
273	T6	0	6	273	1	16	274	 
274	T6	0	6	274	1	16	275	 
275	T6	0	6	275	1	16	276	 
276	T6	0	6	276	1	16	277	 
277	T6	0	6	277	1	16	278	 
278	T6	0	6	278	1	16	279	 
279	T6	0	6	279	1	16	280	 
280	T6	0	6	280	1	16	281	 
281	T6	0	6	281	1	16	282	 
282	T6	0	6	282	1	16	283	 
283	T6	0	6	283	1	16	284	 
284	T6	0	6	284	1	16	285	 
285	T6	0	6	285	1	16	286	 
286	T6	0	6	286	1	16	287	 
287	T6	0	6	287	1	16	288	 
288	T6	0	6	288	1	16	289	 
289	T6	0	6	289	1	16	290	 
290	T6	0	6	290	1	16	291	 
291	T6	0	6	291	1	16	292	 
292	T6	0	6	292	1	16	293	 
293	T6	0	6	293	1	16	294	 
294	T6	0	6	294	1	16	295	 
295	T6	0	6	295	1	16	296	 
296	T6	0	6	296	1	16	297	 
297	T6	0	6	297	1	16	298	 
298	T6	0	6	298	1	16	299	 
299	T6	0	6	299	1	16	300	 
300	T6	0	6	300	1	16	301	 
301	T6	0	6	301	1	16	302	 
302	T6	0	6	302	1	16	303	 
303	T6	0	6	303	1	16	304	 
304	T6	0	6	304	1	16	305	 
305	T6	0	6	305	1	16	306	 
306	T6	0	6	306	1	16	307	 
307	T6	0	6	307	1	16	308	 
308	T6	0	6	308	1	16	309	 
309	T6	0	6	309	1	16	310	 
310	T6	0	6	310	1	16	311	 
311	T6	0	6	311	1	16	312	 
312	T6	0	6	312	1	16	313	 
313	T6	0	6	313	1	16	314	 
314	T6	0	6	314	1	16	315	 
315	T6	0	6	315	1	16	316	 
316	T6	0	6	316	1	16	317	 
317	T6	0	6	317	1	16	318	 
318	T6	0	6	318	1	16	319	 
319	T6	0	6	319	1	16	320	 
320	T6	0	6	320	1	16	321	 
321	T6	0	6	321	1	16	322	 
322	T6	0	6	322	1	16	323	 
323	T6	0	6	323	1	16	324	 
324	T6	0	6	324	1	16	325	 
325	T6	0	6	325	1	16	326	 
326	T6	0	6	326	1	16	327	 
327	T6	0	6	327	1	16	328	 
328	T6	0	6	328	1	16	329	 
329	T6	0	6	329	1	16	330	 
330	T6	0	6	330	1	17	331	 
331	T6	0	6	331	1	17	332	 
332	T6	0	6	332	1	17	333	 
333	T6	0	6	333	1	17	334	 
334	T6	0	6	334	1	17	335	 
335	T6	0	6	335	1	17	336	 
336	T6	0	6	336	1	17	337	 
337	T6	0	6	337	1	17	338	 
338	T6	0	6	338	1	17	339	 
339	T6	0	6	339	1	17	340	 
340	T6	0	6	340	1	17	341	 
341	T6	0	6	341	1	17	342	 
342	T6	0	6	342	1	17	343	 
343	T6	0	6	343	1	17	344	 
344	T6	0	6	344	1	17	345	 
345	T6	0	6	345	1	17	346	 
346	T6	0	6	346	1	17	347	 
347	T6	0	6	347	1	17	348	 
348	T6	0	6	348	1	17	349	 
349	T6	0	6	349	1	17	350	 
350	T6	0	6	350	1	17	351	 
351	T6	0	6	351	1	17	352	 
352	T6	0	6	352	1	17	353	 
353	T6	0	6	353	1	17	354	 
354	T6	0	6	354	1	17	355	 
355	T6	0	6	355	1	17	356	 
356	T6	0	6	356	1	17	357	 
357	T6	0	6	357	1	17	358	 
358	T6	0	6	358	1	17	359	 
359	T6	0	6	359	1	17	360	 
360	T6	0	6	360	1	17	361	 
361	T6	0	6	361	1	17	362	 
362	T6	0	6	362	1	17	363	 
363	T6	0	6	363	1	17	364	 
364	T6	0	6	364	1	17	365	 
365	T6	0	6	365	1	17	366	 
366	T6	0	6	366	1	17	367	 
367	T6	0	6	367	1	17	368	 
368	T6	0	6	368	1	17	369	 
369	T6	0	6	369	1	17	370	 
370	T6	0	6	370	1	17	371	 
371	T6	0	6	371	1	17	372	 
372	T6	0	6	372	1	17	373	 
373	T6	0	6	373	1	17	374	 
374	T6	0	6	374	1	17	375	 
375	T6	0	6	375	1	17	376	 
376	T6	0	6	376	1	17	377	 
377	T6	0	6	377	1	17	378	 
378	T6	0	6	378	1	17	379	 
379	T6	0	6	379	1	17	380	 
380	T6	0	6	380	1	17	381	 
381	T6	0	6	381	1	17	382	 
382	T6	0	6	382	1	17	383	 
383	T6	0	6	383	1	17	384	 
384	T6	0	6	384	1	17	385	 
385	T6	0	6	385	1	17	386	 
386	T6	0	6	386	1	17	387	 
387	T6	0	6	387	1	17	388	 
388	T6	0	6	388	1	17	389	 
389	T6	0	6	389	1	17	390	 
390	T6	0	6	390	1	17	391	 
391	T6	0	6	391	1	17	392	 
392	T6	0	6	392	1	17	393	 
393	T6	0	6	393	1	17	394	 
394	T6	0	6	394	1	17	395	 
395	T6	0	6	395	1	17	396	 
396	T6	0	6	396	1	17	397	 
397	T6	0	6	397	1	17	398	 
398	T6	0	6	398	1	17	399	 
399	T6	0	6	399	1	17	400	 
400	T6	0	6	400	1	17	401	 
401	T6	0	6	401	1	17	402	 
402	T6	0	6	402	1	17	403	 
403	T6	0	6	403	1	17	404	 
404	T6	0	6	404	1	17	405	 
405	T6	0	6	405	1	17	406	 
406	T6	0	6	406	1	17	407	 
407	T6	0	6	407	1	17	408	 
408	T6	0	6	408	1	17	409	 
409	T6	0	6	409	1	17	410	 
410	T6	0	6	410	1	17	411	 
411	T6	0	6	411	1	17	412	 
412	T6	0	6	412	1	17	413	 
413	T6	0	6	413	1	17	414	 
414	T6	0	6	414	1	17	415	 
415	T6	0	6	415	1	17	416	 
416	T6	0	6	416	1	17	417	 
417	T6	0	6	417	1	17	418	 
418	T6	0	6	418	1	17	419	 
419	T6	0	6	419	1	17	420	 
420	T6	0	6	420	1	17	421	 
421	T6	0	6	421	1	17	422	 
422	T6	0	6	422	1	17	423	 
423	T6	0	6	423	1	17	424	 
424	T6	0	6	424	1	17	425	 
425	T6	0	6	425	1	17	426	 
426	T6	0	6	426	1	17	427	 
427	T6	0	6	427	1	17	428	 
428	T6	0	6	428	1	17	429	 
429	T6	0	6	429	1	17	430	 
430	T6	0	6	430	1	17	431	 
431	T6	0	6	431	1	17	432	 
432	T6	0	6	432	1	17	433	 
433	T6	0	6	433	1	17	434	 
434	T6	0	6	434	1	17	435	 
435	T6	0	6	435	1	17	436	 
436	T6	0	6	436	1	17	437	 
437	T6	0	6	437	1	17	438	 
438	T6	0	6	438	1	17	439	 
439	T6	0	6	439	1	17	440	 
440	T6	0	6	440	1	17	441	 
441	T6	0	6	441	1	17	442	 
442	T6	0	6	442	1	17	443	 
443	T6	0	6	443	1	17	444	 
444	T6	0	6	444	1	17	445	 
445	T6	0	6	445	1	17	446	 
446	T6	0	6	446	1	17	447	 
447	T6	0	6	447	1	17	448	 
448	T6	0	6	448	1	17	449	 
449	T6	0	6	449	1	17	450	 
450	T6	0	6	450	1	17	451	 
451	T6	0	6	451	1	17	452	 
452	T6	0	6	452	1	17	453	 
453	T6	0	6	453	1	17	454	 
454	T6	0	6	454	1	17	455	 
455	T6	0	6	455	1	17	456	 
456	T6	0	6	456	1	17	457	 
457	T6	0	6	457	1	17	458	 
458	T6	0	6	458	1	17	459	 
459	T6	0	6	459	1	17	460	 
460	T6	0	6	460	1	17	461	 
461	T6	0	6	461	1	17	462	 
462	T6	0	6	462	1	17	463	 
463	T6	0	6	463	1	17	464	 
464	T6	0	6	464	1	17	465	 
465	T6	0	6	465	1	17	466	 
466	T6	0	6	466	1	17	467	 
467	T6	0	6	467	1	17	468	 
468	T6	0	6	468	1	17	469	 
469	T6	0	6	469	1	17	470	 
470	T6	0	6	470	1	17	471	 
471	T6	0	6	471	1	17	472	 
472	T6	0	6	472	1	17	473	 
473	T6	0	6	473	1	17	474	 
474	T6	0	6	474	1	17	475	 
475	T6	0	6	475	1	17	476	 
476	T6	0	6	476	1	17	477	 
477	T6	0	6	477	1	17	478	 
478	T6	0	6	478	1	17	479	 
479	T6	0	6	479	1	17	480	 
480	T6	0	6	480	1	17	481	 
481	T6	0	6	481	1	17	482	 
482	T6	0	6	482	1	17	483	 
483	T6	0	6	483	1	17	484	 
484	T6	0	6	484	1	17	485	 
485	T6	0	6	485	1	17	486	 
486	T6	0	6	486	1	17	487	 
487	T6	0	6	487	1	17	488	 
488	T6	0	6	488	1	17	489	 
489	T6	0	6	489	1	17	490	 
490	T6	0	6	490	1	17	491	 
491	T6	0	6	491	1	17	492	 
492	T6	0	6	492	1	17	493	 
493	T6	0	6	493	1	17	494	 
494	T6	0	6	494	1	17	495	 
495	T6	0	6	495	1	18	496	 
496	T6	0	6	496	1	18	497	 
497	T6	0	6	497	1	18	498	 
498	T6	0	6	498	1	18	499	 
499	T6	0	6	499	1	18	500	 
500	T6	0	6	500	1	18	501	 
501	T6	0	6	501	1	18	502	 
502	T6	0	6	502	1	18	503	 
503	T6	0	6	503	1	18	504	 
504	T6	0	6	504	1	18	505	 
505	T6	0	6	505	1	18	506	 
506	T6	0	6	506	1	18	507	 
507	T6	0	6	507	1	18	508	 
508	T6	0	6	508	1	18	509	 
509	T6	0	6	509	1	18	510	 
510	T6	0	6	510	1	18	511	 
511	T6	0	6	511	1	18	512	 
512	T6	0	6	512	1	18	513	 
513	T6	0	6	513	1	18	514	 
514	T6	0	6	514	1	18	515	 
515	T6	0	6	515	1	18	516	 
516	T6	0	6	516	1	18	517	 
517	T6	0	6	517	1	18	518	 
518	T6	0	6	518	1	18	519	 
519	T6	0	6	519	1	18	520	 
520	T6	0	6	520	1	18	521	 
521	T6	0	6	521	1	18	522	 
522	T6	0	6	522	1	18	523	 
523	T6	0	6	523	1	18	524	 
524	T6	0	6	524	1	18	525	 
525	T6	0	6	525	1	18	526	 
526	T6	0	6	526	1	18	527	 
527	T6	0	6	527	1	18	528	 
528	T6	0	6	528	1	18	529	 
529	T6	0	6	529	1	18	530	 
530	T6	0	6	530	1	18	531	 
531	T6	0	6	531	1	18	532	 
532	T6	0	6	532	1	18	533	 
533	T6	0	6	533	1	18	534	 
534	T6	0	6	534	1	18	535	 
535	T6	0	6	535	1	18	536	 
536	T6	0	6	536	1	18	537	 
537	T6	0	6	537	1	18	538	 
538	T6	0	6	538	1	18	539	 
539	T6	0	6	539	1	18	540	 
540	T6	0	6	540	1	18	541	 
541	T6	0	6	541	1	18	542	 
542	T6	0	6	542	1	18	543	 
543	T6	0	6	543	1	18	544	 
544	T6	0	6	544	1	18	545	 
545	T6	0	6	545	1	18	546	 
546	T6	0	6	546	1	18	547	 
547	T6	0	6	547	1	18	548	 
548	T6	0	6	548	1	18	549	 
549	T6	0	6	549	1	18	550	 
550	T6	0	6	550	1	18	551	 
551	T6	0	6	551	1	18	552	 
552	T6	0	6	552	1	18	553	 
553	T6	0	6	553	1	18	554	 
554	T6	0	6	554	1	18	555	 
555	T6	0	6	555	1	18	556	 
556	T6	0	6	556	1	18	557	 
557	T6	0	6	557	1	18	558	 
558	T6	0	6	558	1	18	559	 
559	T6	0	6	559	1	18	560	 
560	T6	0	6	560	1	18	561	 
561	T6	0	6	561	1	18	562	 
562	T6	0	6	562	1	18	563	 
563	T6	0	6	563	1	18	564	 
564	T6	0	6	564	1	18	565	 
565	T6	0	6	565	1	18	566	 
566	T6	0	6	566	1	18	567	 
567	T6	0	6	567	1	18	568	 
568	T6	0	6	568	1	18	569	 
569	T6	0	6	569	1	18	570	 
570	T6	0	6	570	1	18	571	 
571	T6	0	6	571	1	18	572	 
572	T6	0	6	572	1	18	573	 
573	T6	0	6	573	1	18	574	 
574	T6	0	6	574	1	18	575	 
575	T6	0	6	575	1	18	576	 
576	T6	0	6	576	1	18	577	 
577	T6	0	6	577	1	18	578	 
578	T6	0	6	578	1	18	579	 
579	T6	0	6	579	1	18	580	 
580	T6	0	6	580	1	18	581	 
581	T6	0	6	581	1	18	582	 
582	T6	0	6	582	1	18	583	 
583	T6	0	6	583	1	18	584	 
584	T6	0	6	584	1	18	585	 
585	T6	0	6	585	1	18	586	 
586	T6	0	6	586	1	18	587	 
587	T6	0	6	587	1	18	588	 
588	T6	0	6	588	1	18	589	 
589	T6	0	6	589	1	18	590	 
590	T6	0	6	590	1	18	591	 
591	T6	0	6	591	1	18	592	 
592	T6	0	6	592	1	18	593	 
593	T6	0	6	593	1	18	594	 
594	T6	0	6	594	1	18	595	 
595	T6	0	6	595	1	18	596	 
596	T6	0	6	596	1	18	597	 
597	T6	0	6	597	1	18	598	 
598	T6	0	6	598	1	18	599	 
599	T6	0	6	599	1	18	600	 
600	T6	0	6	600	1	18	601	 
601	T6	0	6	601	1	18	602	 
602	T6	0	6	602	1	18	603	 
603	T6	0	6	603	1	18	604	 
604	T6	0	6	604	1	18	605	 
605	T6	0	6	605	1	18	606	 
606	T6	0	6	606	1	18	607	 
607	T6	0	6	607	1	18	608	 
608	T6	0	6	608	1	18	609	 
609	T6	0	6	609	1	18	610	 
610	T6	0	6	610	1	18	611	 
611	T6	0	6	611	1	18	612	 
612	T6	0	6	612	1	18	613	 
613	T6	0	6	613	1	18	614	 
614	T6	0	6	614	1	18	615	 
615	T6	0	6	615	1	18	616	 
616	T6	0	6	616	1	18	617	 
617	T6	0	6	617	1	18	618	 
618	T6	0	6	618	1	18	619	 
619	T6	0	6	619	1	18	620	 
620	T6	0	6	620	1	18	621	 
621	T6	0	6	621	1	18	622	 
622	T6	0	6	622	1	18	623	 
623	T6	0	6	623	1	18	624	 
624	T6	0	6	624	1	18	625	 
625	T6	0	6	625	1	18	626	 
626	T6	0	6	626	1	18	627	 
627	T6	0	6	627	1	18	628	 
628	T6	0	6	628	1	18	629	 
629	T6	0	6	629	1	18	630	 
630	T6	0	6	630	1	18	631	 
631	T6	0	6	631	1	18	632	 
632	T6	0	6	632	1	18	633	 
633	T6	0	6	633	1	18	634	 
634	T6	0	6	634	1	18	635	 
635	T6	0	6	635	1	18	636	 
636	T6	0	6	636	1	18	637	 
637	T6	0	6	637	1	18	638	 
638	T6	0	6	638	1	18	639	 
639	T6	0	6	639	1	18	640	 
640	T6	0	6	640	1	18	641	 
641	T6	0	6	641	1	18	642	 
642	T6	0	6	642	1	18	643	 
643	T6	0	6	643	1	18	644	 
644	T6	0	6	644	1	18	645	 
645	T6	0	6	645	1	18	646	 
646	T6	0	6	646	1	18	647	 
647	T6	0	6	647	1	18	648	 
648	T6	0	6	648	1	18	649	 
649	T6	0	6	649	1	18	650	 
650	T6	0	6	650	1	18	651	 
651	T6	0	6	651	1	18	652	 
652	T6	0	6	652	1	18	653	 
653	T6	0	6	653	1	18	654	 
654	T6	0	6	654	1	18	655	 
655	T6	0	6	655	1	18	656	 
656	T6	0	6	656	1	18	657	 
657	T6	0	6	657	1	18	658	 
658	T6	0	6	658	1	18	659	 
659	T6	0	6	659	1	18	660	 
660	T6	0	6	660	1	19	661	 
661	T6	0	6	661	1	19	662	 
662	T6	0	6	662	1	19	663	 
663	T6	0	6	663	1	19	664	 
664	T6	0	6	664	1	19	665	 
665	T6	0	6	665	1	19	666	 
666	T6	0	6	666	1	19	667	 
667	T6	0	6	667	1	19	668	 
668	T6	0	6	668	1	19	669	 
669	T6	0	6	669	1	19	670	 
670	T6	0	6	670	1	19	671	 
671	T6	0	6	671	1	19	672	 
672	T6	0	6	672	1	19	673	 
673	T6	0	6	673	1	19	674	 
674	T6	0	6	674	1	19	675	 
675	T6	0	6	675	1	19	676	 
676	T6	0	6	676	1	19	677	 
677	T6	0	6	677	1	19	678	 
678	T6	0	6	678	1	19	679	 
679	T6	0	6	679	1	19	680	 
680	T6	0	6	680	1	19	681	 
681	T6	0	6	681	1	19	682	 
682	T6	0	6	682	1	19	683	 
683	T6	0	6	683	1	19	684	 
684	T6	0	6	684	1	19	685	 
685	T6	0	6	685	1	19	686	 
686	T6	0	6	686	1	19	687	 
687	T6	0	6	687	1	19	688	 
688	T6	0	6	688	1	19	689	 
689	T6	0	6	689	1	19	690	 
690	T6	0	6	690	1	19	691	 
691	T6	0	6	691	1	19	692	 
692	T6	0	6	692	1	19	693	 
693	T6	0	6	693	1	19	694	 
694	T6	0	6	694	1	19	695	 
695	T6	0	6	695	1	19	696	 
696	T6	0	6	696	1	19	697	 
697	T6	0	6	697	1	19	698	 
698	T6	0	6	698	1	19	699	 
699	T6	0	6	699	1	19	700	 
700	T6	0	6	700	1	19	701	 
701	T6	0	6	701	1	19	702	 
702	T6	0	6	702	1	19	703	 
703	T6	0	6	703	1	19	704	 
704	T6	0	6	704	1	19	705	 
705	T6	0	6	705	1	19	706	 
706	T6	0	6	706	1	19	707	 
707	T6	0	6	707	1	19	708	 
708	T6	0	6	708	1	19	709	 
709	T6	0	6	709	1	19	710	 
710	T6	0	6	710	1	19	711	 
711	T6	0	6	711	1	19	712	 
712	T6	0	6	712	1	19	713	 
713	T6	0	6	713	1	19	714	 
714	T6	0	6	714	1	19	715	 
715	T6	0	6	715	1	19	716	 
716	T6	0	6	716	1	19	717	 
717	T6	0	6	717	1	19	718	 
718	T6	0	6	718	1	19	719	 
719	T6	0	6	719	1	19	720	 
720	T6	0	6	720	1	19	721	 
721	T6	0	6	721	1	19	722	 
722	T6	0	6	722	1	19	723	 
723	T6	0	6	723	1	19	724	 
724	T6	0	6	724	1	19	725	 
725	T6	0	6	725	1	19	726	 
726	T6	0	6	726	1	19	727	 
727	T6	0	6	727	1	19	728	 
728	T6	0	6	728	1	19	729	 
729	T6	0	6	729	1	19	730	 
730	T6	0	6	730	1	19	731	 
731	T6	0	6	731	1	19	732	 
732	T6	0	6	732	1	19	733	 
733	T6	0	6	733	1	19	734	 
734	T6	0	6	734	1	19	735	 
735	T6	0	6	735	1	19	736	 
736	T6	0	6	736	1	19	737	 
737	T6	0	6	737	1	19	738	 
738	T6	0	6	738	1	19	739	 
739	T6	0	6	739	1	19	740	 
740	T6	0	6	740	1	19	741	 
741	T6	0	6	741	1	19	742	 
742	T6	0	6	742	1	19	743	 
743	T6	0	6	743	1	19	744	 
744	T6	0	6	744	1	19	745	 
745	T6	0	6	745	1	19	746	 
746	T6	0	6	746	1	19	747	 
747	T6	0	6	747	1	19	748	 
748	T6	0	6	748	1	19	749	 
749	T6	0	6	749	1	19	750	 
750	T6	0	6	750	1	19	751	 
751	T6	0	6	751	1	19	752	 
752	T6	0	6	752	1	19	753	 
753	T6	0	6	753	1	19	754	 
754	T6	0	6	754	1	19	755	 
755	T6	0	6	755	1	19	756	 
756	T6	0	6	756	1	19	757	 
757	T6	0	6	757	1	19	758	 
758	T6	0	6	758	1	19	759	 
759	T6	0	6	759	1	19	760	 
760	T6	0	6	760	1	19	761	 
761	T6	0	6	761	1	19	762	 
762	T6	0	6	762	1	19	763	 
763	T6	0	6	763	1	19	764	 
764	T6	0	6	764	1	19	765	 
765	T6	0	6	765	1	19	766	 
766	T6	0	6	766	1	19	767	 
767	T6	0	6	767	1	19	768	 
768	T6	0	6	768	1	19	769	 
769	T6	0	6	769	1	19	770	 
770	T6	0	6	770	1	19	771	 
771	T6	0	6	771	1	19	772	 
772	T6	0	6	772	1	19	773	 
773	T6	0	6	773	1	19	774	 
774	T6	0	6	774	1	19	775	 
775	T6	0	6	775	1	19	776	 
776	T6	0	6	776	1	19	777	 
777	T6	0	6	777	1	19	778	 
778	T6	0	6	778	1	19	779	 
779	T6	0	6	779	1	19	780	 
780	T6	0	6	780	1	19	781	 
781	T6	0	6	781	1	19	782	 
782	T6	0	6	782	1	19	783	 
783	T6	0	6	783	1	19	784	 
784	T6	0	6	784	1	19	785	 
785	T6	0	6	785	1	19	786	 
786	T6	0	6	786	1	19	787	 
787	T6	0	6	787	1	19	788	 
788	T6	0	6	788	1	19	789	 
789	T6	0	6	789	1	19	790	 
790	T6	0	6	790	1	19	791	 
791	T6	0	6	791	1	19	792	 
792	T6	0	6	792	1	19	793	 
793	T6	0	6	793	1	19	794	 
794	T6	0	6	794	1	19	795	 
795	T6	0	6	795	1	19	796	 
796	T6	0	6	796	1	19	797	 
797	T6	0	6	797	1	19	798	 
798	T6	0	6	798	1	19	799	 
799	T6	0	6	799	1	19	800	 
800	T6	0	6	800	1	19	801	 
801	T6	0	6	801	1	19	802	 
802	T6	0	6	802	1	19	803	 
803	T6	0	6	803	1	19	804	 
804	T6	0	6	804	1	19	805	 
805	T6	0	6	805	1	19	806	 
806	T6	0	6	806	1	19	807	 
807	T6	0	6	807	1	19	808	 
808	T6	0	6	808	1	19	809	 
809	T6	0	6	809	1	19	810	 
810	T6	0	6	810	1	19	811	 
811	T6	0	6	811	1	19	812	 
812	T6	0	6	812	1	19	813	 
813	T6	0	6	813	1	19	814	 
814	T6	0	6	814	1	19	815	 
815	T6	0	6	815	1	19	816	 
816	T6	0	6	816	1	19	817	 
817	T6	0	6	817	1	19	818	 
818	T6	0	6	818	1	19	819	 
819	T6	0	6	819	1	19	820	 
820	T6	0	6	820	1	19	821	 
821	T6	0	6	821	1	19	822	 
822	T6	0	6	822	1	19	823	 
823	T6	0	6	823	1	19	824	 
824	T6	0	6	824	1	19	825	 
825	T6	0	6	825	1	20	826	Finish
826	T3	0	10	826	1	20	827	 
827	T5	1	5	827	1	20	828	 
828	T6	0	6	828	1	20	829	Finish
829	T5	1	5	829	1	20	830	 
830	T6	0	6	830	1	20	831	Finish
831	T3	0	10	831	1	20	832	 
832	T5	1	5	832	1	20	833	 
833	T6	0	6	833	1	20	834	Finish
834	T5	1	5	834	1	20	835	 
835	T6	0	6	835	1	20	836	Finish
836	T3	0	10	836	1	20	837	 
837	T6	0	6	837	1	20	838	Finish
838	T5	1	5	838	1	20	839	 
839	T6	0	6	839	1	20	840	Finish
840	T3	0	10	840	1	20	841	 
841	T5	1	5	841	1	20	842	 
842	T6	0	6	842	1	20	843	Finish
843	T5	1	5	843	1	20	844	 
844	T6	0	6	844	1	20	845	Finish
845	T3	0	10	845	1	20	846	 
846	T5	1	5	846	1	20	847	 
847	T6	0	6	847	1	20	848	Finish
848	T6	0	6	848	1	20	849	Finish
849	T5	1	5	849	1	20	850	 
850	T3	0	10	850	1	20	851	 
851	T6	0	6	851	1	20	852	Finish
852	T5	1	5	852	1	20	853	 
853	T6	0	6	853	1	20	854	Finish
854	T3	0	10	854	1	20	855	 
855	T5	1	5	855	1	20	856	 
856	T6	0	6	856	1	20	857	Finish
857	T5	1	5	857	1	20	858	 
858	T6	0	6	858	1	20	859	Finish
859	T3	0	10	859	1	20	860	 
860	T6	0	6	860	1	20	861	Finish
861	T5	1	5	861	1	20	862	 
862	T6	0	6	862	1	20	863	Finish
863	T5	1	5	863	1	20	864	 
864	T3	0	10	864	1	20	865	 
865	T6	0	6	865	1	20	866	Finish
866	T5	1	5	866	1	20	867	 
867	T6	0	6	867	1	20	868	Finish
868	T3	0	10	868	1	20	869	 
869	T5	1	5	869	1	20	870	 
870	T6	0	6	870	1	20	871	Finish
871	T6	0	6	871	1	20	872	Finish
872	T5	1	5	872	1	20	873	 
873	T3	0	10	873	1	20	874	 
874	T6	0	6	874	1	20	875	Finish
875	T5	1	5	875	1	20	876	 
876	T6	0	6	876	1	20	877	Finish
877	T5	1	5	877	1	20	878	 
878	T3	0	10	878	1	20	879	 
879	T6	0	6	879	1	20	880	Finish
880	T5	1	5	880	1	20	881	 
881	T6	0	6	881	1	20	882	Finish
882	T3	0	10	882	1	20	883	 
883	T6	0	6	883	1	20	884	Finish
884	T5	1	5	884	1	20	885	 
885	T6	0	6	885	1	20	886	Finish
886	T5	1	5	886	1	20	887	 
887	T3	0	10	887	1	20	888	 
888	T6	0	6	888	1	20	889	Finish
889	T5	1	5	889	1	20	890	 
890	T6	0	6	890	1	20	891	Finish
891	T5	1	5	891	1	20	892	 
892	T3	0	10	892	1	20	893	 
893	T6	0	6	893	1	20	894	Finish
894	T6	0	6	894	1	20	895	Finish
895	T5	1	5	895	1	20	896	 
896	T3	0	10	896	1	20	897	 
897	T6	0	6	897	1	20	898	Finish
898	T5	1	5	898	1	20	899	 
899	T6	0	6	899	1	20	900	Finish
900	T5	1	5	900	1	20	901	 
901	T6	0	6	901	1	20	902	Finish
902	T3	0	10	902	1	20	903	 
903	T5	1	5	903	1	20	904	 
904	T6	0	6	904	1	20	905	Finish
905	T6	0	6	905	1	20	906	Finish
906	T5	1	5	906	1	20	907	 
907	T3	0	10	907	1	20	908	 
908	T6	0	6	908	1	20	909	Finish
909	T5	1	5	909	1	20	910	 
910	T6	0	6	910	1	20	911	Finish
911	T3	0	10	911	1	20	912	 
912	T5	1	5	912	1	20	913	 
913	T6	0	6	913	1	20	914	Finish
914	T5	1	5	914	1	20	915	 
915	T6	0	6	915	1	20	916	Finish
916	T3	0	10	916	1	20	917	 
917	T6	0	6	917	1	20	918	Finish
918	T5	1	5	918	1	20	919	 
919	T6	0	6	919	1	20	920	Finish
920	T3	0	10	920	1	20	921	 
921	T5	1	5	921	1	20	922	 
922	T6	0	6	922	1	20	923	Finish
923	T5	1	5	923	1	20	924	 
924	T6	0	6	924	1	20	925	Finish
925	T3	0	10	925	1	20	926	 
926	T5	1	5	926	1	20	927	 
927	T6	0	6	927	1	20	928	Finish
928	T6	0	6	928	1	20	929	Finish
929	T5	1	5	929	1	20	930	 
930	T3	0	10	930	1	20	931	 
931	T6	0	6	931	1	20	932	Finish
932	T5	1	5	932	1	20	933	 
933	T6	0	6	933	1	20	934	Finish
934	T3	0	10	934	1	20	935	 
935	T5	1	5	935	1	20	936	 
936	T6	0	6	936	1	20	937	Finish
937	T5	1	5	937	1	20	938	 
938	T6	0	6	938	1	20	939	Finish
939	T3	0	10	939	1	20	940	 
940	T6	0	6	940	1	20	941	Finish
941	T5	1	5	941	1	20	942	 
942	T6	0	6	942	1	20	943	Finish
943	T5	1	5	943	1	20	944	 
944	T3	0	10	944	1	20	945	 
945	T6	0	6	945	1	20	946	Finish
946	T5	1	5	946	1	20	947	 
947	T6	0	6	947	1	20	948	Finish
948	T3	0	10	948	1	20	949	 
949	T5	1	5	949	1	20	950	 
950	T6	0	6	950	1	20	951	Finish
951	T6	0	6	951	1	20	952	Finish
952	T5	1	5	952	1	20	953	 
953	T3	0	10	953	1	20	954	 
954	T6	0	6	954	1	20	955	Finish
955	T5	1	5	955	1	20	956	 
956	T6	0	6	956	1	20	957	Finish
957	T5	1	5	957	1	20	958	 
958	T3	0	10	958	1	20	959	 
959	T6	0	6	959	1	20	960	Finish
960	T5	1	5	960	1	20	961	 
961	T6	0	6	961	1	20	962	Finish
962	T3	0	10	962	1	20	963	 
963	T6	0	6	963	1	20	964	Finish
964	T5	1	5	964	1	20	965	 
965	T6	0	6	965	1	20	966	Finish
966	T5	1	5	966	1	20	967	 
967	T3	0	10	967	1	20	968	 
968	T6	0	6	968	1	20	969	Finish
969	T5	1	5	969	1	20	970	 
970	T6	0	6	970	1	20	971	Finish
971	T5	1	5	971	1	20	972	 
972	T3	0	10	972	1	20	973	 
973	T6	0	6	973	1	20	974	Finish
974	T6	0	6	974	1	20	975	Finish
975	T5	1	5	975	1	20	976	 
976	T6	0	6	976	1	20	977	Finish
977	T3	0	10	977	1	20	978	 
978	T5	1	5	978	1	20	979	 
979	T6	0	6	979	1	20	980	Finish
980	T5	1	5	980	1	20	981	 
981	T6	0	6	981	1	20	982	Finish
982	T3	0	10	982	1	20	983	 
983	T5	1	5	983	1	20	984	 
984	T6	0	6	984	1	20	985	Finish
985	T6	0	6	985	1	20	986	Finish
986	T5	1	5	986	1	20	987	 
987	T3	0	10	987	1	20	988	 
988	T6	0	6	988	1	20	989	Finish
989	T5	1	5	989	1	20	990	 
990	T6	0	6	990	1	20	991	Finish
991	T3	0	10	991	1	20	992	 
992	T5	1	5	992	1	20	993	 
993	T6	0	6	993	1	20	994	Finish
994	T5	1	5	994	1	20	995	 
995	T6	0	6	995	1	20	996	Finish
996	T3	0	10	996	1	20	997	 
997	T6	0	6	997	1	20	998	Finish
998	T5	1	5	998	1	20	999	 
999	T6	0	6	999	1	20	1000	Finish
1000	T5	1	5	1000	1	20	1001	 
1001	T3	0	10	1001	1	20	1002	 
1002	T6	0	6	1002	1	20	1003	Finish
1003	T5	1	5	1003	1	20	1004	 
1004	T6	0	6	1004	1	20	1005	Finish
1005	T3	0	10	1005	1	20	1006	 
1006	T5	1	5	1006	1	20	1007	 
1007	T6	0	6	1007	1	20	1008	Finish
1008	T6	0	6	1008	1	20	1009	Finish
1009	T5	1	5	1009	1	20	1010	 
1010	T3	0	10	1010	1	20	1011	 
1011	T6	0	6	1011	1	20	1012	Finish
1012	T5	1	5	1012	1	20	1013	 
1013	T6	0	6	1013	1	20	1014	Finish
1014	T3	0	10	1014	1	20	1015	 
1015	T5	1	5	1015	1	20	1016	 
1016	T6	0	6	1016	1	20	1017	Finish
1017	T5	1	5	1017	1	20	1018	 
1018	T6	0	6	1018	1	20	1019	Finish
1019	T3	0	10	1019	1	20	1020	 
1020	T6	0	6	1020	1	20	1021	Finish
1021	T5	1	5	1021	1	20	1022	 
1022	T6	0	6	1022	1	20	1023	Finish
1023	T5	1	5	1023	1	20	1024	 
1024	T3	0	10	1024	1	20	1025	 
1025	T6	0	6	1025	1	20	1026	Finish
1026	T5	1	5	1026	1	20	1027	 
1027	T6	0	6	1027	1	20	1028	Finish
1028	T3	0	10	1028	1	20	1029	 
1029	T5	1	5	1029	1	20	1030	 
1030	T6	0	6	1030	1	20	1031	Finish
1031	T6	0	6	1031	1	20	1032	Finish
1032	T5	1	5	1032	1	20	1033	 
1033	T3	0	10	1033	1	20	1034	 
1034	T6	0	6	1034	1	20	1035	Finish
1035	T5	1	5	1035	1	20	1036	 
1036	T6	0	6	1036	1	20	1037	Finish
1037	T5	1	5	1037	1	20	1038	 
1038	T3	0	10	1038	1	20	1039	 
1039	T6	0	6	1039	1	20	1040	Finish
1040	T5	1	5	1040	1	20	1041	 
1041	T6	0	6	1041	1	20	1042	Finish
1042	T3	0	10	1042	1	20	1043	 
1043	T6	0	6	1043	1	20	1044	Finish
1044	T5	1	5	1044	1	20	1045	 
1045	T6	0	6	1045	1	20	1046	Finish
1046	T5	1	5	1046	1	20	1047	 
1047	T3	0	10	1047	1	20	1048	 
1048	T6	0	6	1048	1	20	1049	Finish
1049	T5	1	5	1049	1	20	1050	 
1050	T6	0	6	1050	1	20	1051	Finish
1051	T5	1	5	1051	1	20	1052	 
1052	T6	0	6	1052	1	20	1053	Finish
1053	T3	0	10	1053	1	20	1054	 
1054	T6	0	6	1054	1	20	1055	Finish
1055	T5	1	5	1055	1	20	1056	 
1056	T6	0	6	1056	1	20	1057	Finish
1057	T3	0	10	1057	1	20	1058	 
1058	T5	1	5	1058	1	20	1059	 
1059	T6	0	6	1059	1	20	1060	Finish
1060	T5	1	5	1060	1	20	1061	 
1061	T6	0	6	1061	1	20	1062	Finish
1062	T3	0	10	1062	1	20	1063	 
1063	T5	1	5	1063	1	20	1064	 
1064	T6	0	6	1064	1	20	1065	Finish
1065	T6	0	6	1065	1	20	1066	Finish
1066	T5	1	5	1066	1	20	1067	 
1067	T3	0	10	1067	1	20	1068	 
1068	T6	0	6	1068	1	20	1069	Finish
1069	T5	1	5	1069	1	20	1070	 
1070	T6	0	6	1070	1	20	1071	Finish
1071	T3	0	10	1071	1	20	1072	 
1072	T5	1	5	1072	1	20	1073	 
1073	T6	0	6	1073	1	20	1074	Finish
1074	T5	1	5	1074	1	20	1075	 
1075	T6	0	6	1075	1	20	1076	Finish
1076	T3	0	10	1076	1	20	1077	 
1077	T6	0	6	1077	1	20	1078	Finish
1078	T5	1	5	1078	1	20	1079	 
1079	T6	0	6	1079	1	20	1080	Finish
1080	T5	1	5	1080	1	20	1081	 
1081	T3	0	10	1081	1	20	1082	 
1082	T6	0	6	1082	1	20	1083	Finish
1083	T5	1	5	1083	1	20	1084	 
1084	T6	0	6	1084	1	20	1085	Finish
1085	T3	0	10	1085	1	20	1086	 
1086	T5	1	5	1086	1	20	1087	 
1087	T6	0	6	1087	1	20	1088	Finish
1088	T6	0	6	1088	1	20	1089	Finish
1089	T5	1	5	1089	1	20	1090	 
1090	T3	0	10	1090	1	20	1091	 
1091	T6	0	6	1091	1	20	1092	Finish
1092	T5	1	5	1092	1	20	1093	 
1093	T6	0	6	1093	1	20	1094	Finish
1094	T5	1	5	1094	1	20	1095	 
1095	T3	0	10	1095	1	20	1096	 
1096	T6	0	6	1096	1	20	1097	Finish
1097	T5	1	5	1097	1	20	1098	 
1098	T6	0	6	1098	1	20	1099	Finish
1099	T3	0	10	1099	1	20	1100	 
1100	T6	0	6	1100	1	20	1101	Finish
1101	T5	1	5	1101	1	20	1102	 
1102	T6	0	6	1102	1	20	1103	Finish
1103	T5	1	5	1103	1	20	1104	 
1104	T3	0	10	1104	1	20	1105	 
1105	T6	0	6	1105	1	20	1106	Finish
1106	T5	1	5	1106	1	20	1107	 
1107	T6	0	6	1107	1	20	1108	Finish
1108	T3	0	10	1108	1	20	1109	 
1109	T5	1	5	1109	1	20	1110	 
1110	T6	0	6	1110	1	20	1111	Finish
1111	T6	0	6	1111	1	20	1112	Finish
1112	T5	1	5	1112	1	20	1113	 
1113	T3	0	10	1113	1	20	1114	 
1114	T6	0	6	1114	1	20	1115	Finish
1115	T5	1	5	1115	1	20	1116	 
1116	T6	0	6	1116	1	20	1117	Finish
1117	T5	1	5	1117	1	20	1118	 
1118	T3	0	10	1118	1	20	1119	 
1119	T6	0	6	1119	1	20	1120	Finish
1120	T5	1	5	1120	1	20	1121	 
1121	T6	0	6	1121	1	20	1122	Finish
1122	T3	0	10	1122	1	20	1123	 
1123	T6	0	6	1123	1	20	1124	Finish
1124	T5	1	5	1124	1	20	1125	 
1125	T6	0	6	1125	1	20	1126	Finish
1126	T5	1	5	1126	1	20	1127	 
1127	T6	0	6	1127	1	20	1128	Finish
1128	T3	0	10	1128	1	20	1129	 
1129	T5	1	5	1129	1	20	1130	 
1130	T6	0	6	1130	1	20	1131	Finish
1131	T5	1	5	1131	1	20	1132	 
1132	T6	0	6	1132	1	20	1133	Finish
1133	T3	0	10	1133	1	20	1134	 
1134	T6	0	6	1134	1	20	1135	Finish
1135	T5	1	5	1135	1	20	1136	 
1136	T6	0	6	1136	1	20	1137	Finish
1137	T3	0	10	1137	1	20	1138	 
1138	T5	1	5	1138	1	20	1139	 
1139	T6	0	6	1139	1	20	1140	Finish
1140	T5	1	5	1140	1	20	1141	 
1141	T6	0	6	1141	1	20	1142	Finish
1142	T3	0	10	1142	1	20	1143	 
1143	T5	1	5	1143	1	20	1144	 
1144	T6	0	6	1144	1	20	1145	Finish
1145	T6	0	6	1145	1	20	1146	Finish
1146	T5	1	5	1146	1	20	1147	 
1147	T3	0	10	1147	1	20	1148	 
1148	T6	0	6	1148	1	20	1149	Finish
1149	T5	1	5	1149	1	20	1150	 
1150	T6	0	6	1150	1	20	1151	Finish
1151	T3	0	10	1151	1	20	1152	 
1152	T5	1	5	1152	1	20	1153	 
1153	T6	0	6	1153	1	20	1154	Finish
1154	T5	1	5	1154	1	20	1155	 
1155	T6	0	6	1155	1	20	1156	Finish
1156	T3	0	10	1156	1	20	1157	 
1157	T6	0	6	1157	1	20	1158	Finish
1158	T5	1	5	1158	1	20	1159	 
1159	T6	0	6	1159	1	20	1160	Finish
1160	T5	1	5	1160	1	20	1161	 
1161	T3	0	10	1161	1	20	1162	 
1162	T6	0	6	1162	1	20	1163	Finish
1163	T5	1	5	1163	1	20	1164	 
1164	T6	0	6	1164	1	20	1165	Finish
1165	T3	0	10	1165	1	20	1166	 
1166	T5	1	5	1166	1	20	1167	 
1167	T6	0	6	1167	1	20	1168	Finish
1168	T6	0	6	1168	1	20	1169	Finish
1169	T5	1	5	1169	1	20	1170	 
1170	T3	0	10	1170	1	20	1171	 
1171	T6	0	6	1171	1	20	1172	Finish
1172	T5	1	5	1172	1	20	1173	 
1173	T6	0	6	1173	1	20	1174	Finish
1174	T5	1	5	1174	1	20	1175	 
1175	T3	0	10	1175	1	20	1176	 
1176	T6	0	6	1176	1	20	1177	Finish
1177	T5	1	5	1177	1	20	1178	 
1178	T6	0	6	1178	1	20	1179	Finish
1179	T3	0	10	1179	1	20	1180	 
1180	T6	0	6	1180	1	20	1181	Finish
1181	T5	1	5	1181	1	20	1182	 
1182	T6	0	6	1182	1	20	1183	Finish
1183	T5	1	5	1183	1	20	1184	 
1184	T3	0	10	1184	1	20	1185	 
1185	T6	0	6	1185	1	20	1186	Finish
1186	T5	1	5	1186	1	20	1187	 
1187	T6	0	6	1187	1	20	1188	Finish
1188	T5	1	5	1188	1	20	1189	 
1189	T3	0	10	1189	1	20	1190	 
1190	T6	0	6	1190	1	20	1191	Finish
1191	T6	0	6	1191	1	20	1192	Finish
1192	T5	1	5	1192	1	20	1193	 
1193	T3	0	10	1193	1	20	1194	 
1194	T6	0	6	1194	1	20	1195	Finish
1195	T5	1	5	1195	1	20	1196	 
1196	T6	0	6	1196	1	20	1197	Finish
1197	T5	1	5	1197	1	20	1198	 
1198	T3	0	10	1198	1	20	1199	 
1199	T6	0	6	1199	1	20	1200	Finish
1200	T5	1	5	1200	1	20	1201	 
1201	T6	0	6	1201	1	20	1202	Finish
1202	T3	0	10	1202	1	21	1203	 
1203	T5	1	5	1203	1	21	1204	 
1204	T6	0	6	1204	1	21	1205	Finish
1205	T5	1	5	1205	1	21	1206	 
1206	T6	0	6	1206	1	21	1207	Finish
1207	T3	0	10	1207	1	21	1208	 
1208	T5	1	5	1208	1	21	1209	 
1209	T6	0	6	1209	1	21	1210	Finish
1210	T5	1	5	1210	1	21	1211	 
1211	T6	0	6	1211	1	21	1212	Finish
1212	T3	0	10	1212	1	21	1213	 
1213	T6	0	6	1213	1	21	1214	Finish
1214	T5	1	5	1214	1	21	1215	 
1215	T6	0	6	1215	1	21	1216	Finish
1216	T3	0	10	1216	1	21	1217	 
1217	T5	1	5	1217	1	21	1218	 
1218	T6	0	6	1218	1	21	1219	Finish
1219	T5	1	5	1219	1	21	1220	 
1220	T6	0	6	1220	1	21	1221	Finish
1221	T3	0	10	1221	1	21	1222	 
1222	T5	1	5	1222	1	21	1223	 
1223	T6	0	6	1223	1	21	1224	Finish
1224	T6	0	6	1224	1	21	1225	Finish
1225	T5	1	5	1225	1	21	1226	 
1226	T3	0	10	1226	1	21	1227	 
1227	T6	0	6	1227	1	21	1228	Finish
1228	T5	1	5	1228	1	21	1229	 
1229	T6	0	6	1229	1	21	1230	Finish
1230	T3	0	10	1230	1	21	1231	 
1231	T5	1	5	1231	1	21	1232	 
1232	T6	0	6	1232	1	21	1233	Finish
1233	T5	1	5	1233	1	21	1234	 
1234	T6	0	6	1234	1	21	1235	Finish
1235	T3	0	10	1235	1	21	1236	 
1236	T6	0	6	1236	1	21	1237	Finish
1237	T5	1	5	1237	1	21	1238	 
1238	T6	0	6	1238	1	21	1239	Finish
1239	T5	1	5	1239	1	21	1240	 
1240	T3	0	10	1240	1	21	1241	 
1241	T6	0	6	1241	1	21	1242	Finish
1242	T5	1	5	1242	1	21	1243	 
1243	T6	0	6	1243	1	21	1244	Finish
1244	T3	0	10	1244	1	21	1245	 
1245	T5	1	5	1245	1	21	1246	 
1246	T6	0	6	1246	1	21	1247	Finish
1247	T6	0	6	1247	1	21	1248	Finish
1248	T5	1	5	1248	1	21	1249	 
1249	T3	0	10	1249	1	21	1250	 
1250	T6	0	6	1250	1	21	1251	Finish
1251	T5	1	5	1251	1	21	1252	 
1252	T6	0	6	1252	1	21	1253	Finish
1253	T5	1	5	1253	1	21	1254	 
1254	T3	0	10	1254	1	21	1255	 
1255	T6	0	6	1255	1	21	1256	Finish
1256	T5	1	5	1256	1	21	1257	 
1257	T6	0	6	1257	1	21	1258	Finish
1258	T3	0	10	1258	1	21	1259	 
1259	T6	0	6	1259	1	21	1260	Finish
1260	T5	1	5	1260	1	21	1261	 
1261	T6	0	6	1261	1	21	1262	Finish
1262	T5	1	5	1262	1	21	1263	 
1263	T3	0	10	1263	1	21	1264	 
1264	T6	0	6	1264	1	21	1265	Finish
1265	T5	1	5	1265	1	21	1266	 
1266	T6	0	6	1266	1	21	1267	Finish
1267	T5	1	5	1267	1	21	1268	 
1268	T3	0	10	1268	1	21	1269	 
1269	T6	0	6	1269	1	21	1270	Finish
1270	T6	0	6	1270	1	21	1271	Finish
1271	T5	1	5	1271	1	21	1272	 
1272	T3	0	10	1272	1	21	1273	 
1273	T6	0	6	1273	1	21	1274	Finish
1274	T5	1	5	1274	1	21	1275	 
1275	T6	0	6	1275	1	21	1276	Finish
1276	T5	1	5	1276	1	21	1277	 
1277	T6	0	6	1277	1	21	1278	Finish
1278	T3	0	10	1278	1	21	1279	 
1279	T5	1	5	1279	1	21	1280	 
1280	T6	0	6	1280	1	21	1281	Finish
1281	T6	0	6	1281	1	21	1282	Finish
1282	T5	1	5	1282	1	21	1283	 
1283	T3	0	10	1283	1	21	1284	 
1284	T6	0	6	1284	1	21	1285	Finish
1285	T5	1	5	1285	1	21	1286	 
1286	T6	0	6	1286	1	21	1287	Finish
1287	T3	0	10	1287	1	21	1288	 
1288	T5	1	5	1288	1	21	1289	 
1289	T6	0	6	1289	1	21	1290	Finish
1290	T5	1	5	1290	1	21	1291	 
1291	T6	0	6	1291	1	21	1292	Finish
1292	T3	0	10	1292	1	21	1293	 
1293	T6	0	6	1293	1	21	1294	Finish
1294	T5	1	5	1294	1	21	1295	 
1295	T6	0	6	1295	1	21	1296	Finish
1296	T3	0	10	1296	1	21	1297	 
1297	T5	1	5	1297	1	21	1298	 
1298	T6	0	6	1298	1	21	1299	Finish
1299	T5	1	5	1299	1	21	1300	 
1300	T6	0	6	1300	1	21	1301	Finish
1301	T3	0	10	1301	1	21	1302	 
1302	T5	1	5	1302	1	21	1303	 
1303	T6	0	6	1303	1	21	1304	Finish
1304	T6	0	6	1304	1	21	1305	Finish
1305	T5	1	5	1305	1	21	1306	 
1306	T3	0	10	1306	1	21	1307	 
1307	T6	0	6	1307	1	21	1308	Finish
1308	T5	1	5	1308	1	21	1309	 
1309	T6	0	6	1309	1	21	1310	Finish
1310	T3	0	10	1310	1	21	1311	 
1311	T5	1	5	1311	1	21	1312	 
1312	T6	0	6	1312	1	21	1313	Finish
1313	T5	1	5	1313	1	21	1314	 
1314	T6	0	6	1314	1	21	1315	Finish
1315	T3	0	10	1315	1	21	1316	 
1316	T6	0	6	1316	1	21	1317	Finish
1317	T5	1	5	1317	1	21	1318	 
1318	T6	0	6	1318	1	21	1319	Finish
1319	T5	1	5	1319	1	21	1320	 
1320	T3	0	10	1320	1	21	1321	 
1321	T6	0	6	1321	1	21	1322	Finish
1322	T5	1	5	1322	1	21	1323	 
1323	T6	0	6	1323	1	21	1324	Finish
1324	T3	0	10	1324	1	21	1325	 
1325	T5	1	5	1325	1	21	1326	 
1326	T6	0	6	1326	1	21	1327	Finish
1327	T6	0	6	1327	1	21	1328	Finish
1328	T5	1	5	1328	1	21	1329	 
1329	T3	0	10	1329	1	21	1330	 
1330	T6	0	6	1330	1	21	1331	Finish
1331	T5	1	5	1331	1	21	1332	 
1332	T6	0	6	1332	1	21	1333	Finish
1333	T5	1	5	1333	1	21	1334	 
1334	T3	0	10	1334	1	21	1335	 
1335	T6	0	6	1335	1	21	1336	Finish
1336	T5	1	5	1336	1	21	1337	 
1337	T6	0	6	1337	1	21	1338	Finish
1338	T3	0	10	1338	1	21	1339	 
1339	T6	0	6	1339	1	21	1340	Finish
1340	T5	1	5	1340	1	21	1341	 
1341	T6	0	6	1341	1	21	1342	Finish
1342	T5	1	5	1342	1	21	1343	 
1343	T3	0	10	1343	1	21	1344	 
1344	T6	0	6	1344	1	21	1345	Finish
1345	T5	1	5	1345	1	21	1346	 
1346	T6	0	6	1346	1	21	1347	Finish
1347	T5	1	5	1347	1	21	1348	 
1348	T3	0	10	1348	1	21	1349	 
1349	T6	0	6	1349	1	21	1350	Finish
1350	T6	0	6	1350	1	21	1351	Finish
1351	T5	1	5	1351	1	21	1352	 
1352	T6	0	6	1352	1	21	1353	Finish
1353	T3	0	10	1353	1	21	1354	 
1354	T5	1	5	1354	1	21	1355	 
1355	T6	0	6	1355	1	21	1356	Finish
1356	T5	1	5	1356	1	21	1357	 
1357	T6	0	6	1357	1	21	1358	Finish
1358	T3	0	10	1358	1	21	1359	 
1359	T5	1	5	1359	1	21	1360	 
1360	T6	0	6	1360	1	21	1361	Finish
1361	T6	0	6	1361	1	21	1362	Finish
1362	T5	1	5	1362	1	21	1363	 
1363	T3	0	10	1363	1	21	1364	 
1364	T6	0	6	1364	1	21	1365	Finish
1365	T5	1	5	1365	1	21	1366	 
1366	T6	0	6	1366	1	21	1367	Finish
1367	T3	0	10	1367	1	21	1368	 
1368	T5	1	5	1368	1	21	1369	 
1369	T6	0	6	1369	1	21	1370	Finish
1370	T5	1	5	1370	1	21	1371	 
1371	T6	0	6	1371	1	21	1372	Finish
1372	T3	0	10	1372	1	21	1373	 
1373	T6	0	6	1373	1	21	1374	Finish
1374	T5	1	5	1374	1	21	1375	 
1375	T6	0	6	1375	1	21	1376	Finish
1376	T5	1	5	1376	1	21	1377	 
1377	T3	0	10	1377	1	21	1378	 
1378	T6	0	6	1378	1	21	1379	Finish
1379	T5	1	5	1379	1	21	1380	 
1380	T6	0	6	1380	1	21	1381	Finish
1381	T3	0	10	1381	1	21	1382	 
1382	T5	1	5	1382	1	21	1383	 
1383	T6	0	6	1383	1	21	1384	Finish
1384	T6	0	6	1384	1	21	1385	Finish
1385	T5	1	5	1385	1	21	1386	 
1386	T3	0	10	1386	1	21	1387	 
1387	T6	0	6	1387	1	21	1388	Finish
1388	T5	1	5	1388	1	21	1389	 
1389	T6	0	6	1389	1	21	1390	Finish
1390	T3	0	10	1390	1	21	1391	 
1391	T5	1	5	1391	1	21	1392	 
1392	T6	0	6	1392	1	21	1393	Finish
1393	T5	1	5	1393	1	21	1394	 
1394	T6	0	6	1394	1	21	1395	Finish
1395	T3	0	10	1395	1	21	1396	 
1396	T6	0	6	1396	1	21	1397	Finish
1397	T5	1	5	1397	1	21	1398	 
1398	T6	0	6	1398	1	21	1399	Finish
1399	T5	1	5	1399	1	21	1400	 
1400	T3	0	10	1400	1	21	1401	 
1401	T6	0	6	1401	1	21	1402	Finish
1402	T5	1	5	1402	1	21	1403	 
1403	T6	0	6	1403	1	21	1404	Finish
1404	T3	0	10	1404	1	21	1405	 
1405	T5	1	5	1405	1	21	1406	 
1406	T6	0	6	1406	1	21	1407	Finish
1407	T6	0	6	1407	1	21	1408	Finish
1408	T5	1	5	1408	1	21	1409	 
1409	T3	0	10	1409	1	21	1410	 
1410	T6	0	6	1410	1	21	1411	Finish
1411	T5	1	5	1411	1	21	1412	 
1412	T6	0	6	1412	1	21	1413	Finish
1413	T5	1	5	1413	1	21	1414	 
1414	T3	0	10	1414	1	21	1415	 
1415	T6	0	6	1415	1	21	1416	Finish
1416	T5	1	5	1416	1	21	1417	 
1417	T6	0	6	1417	1	21	1418	Finish
1418	T3	0	10	1418	1	21	1419	 
1419	T6	0	6	1419	1	21	1420	Finish
1420	T5	1	5	1420	1	21	1421	 
1421	T6	0	6	1421	1	21	1422	Finish
1422	T5	1	5	1422	1	21	1423	 
1423	T3	0	10	1423	1	21	1424	 
1424	T6	0	6	1424	1	21	1425	Finish
1425	T5	1	5	1425	1	21	1426	 
1426	T6	0	6	1426	1	21	1427	Finish
1427	T5	1	5	1427	1	21	1428	 
1428	T6	0	6	1428	1	21	1429	Finish
1429	T3	0	10	1429	1	21	1430	 
1430	T6	0	6	1430	1	21	1431	Finish
1431	T5	1	5	1431	1	21	1432	 
1432	T6	0	6	1432	1	21	1433	Finish
1433	T3	0	10	1433	1	21	1434	 
1434	T5	1	5	1434	1	21	1435	 
1435	T6	0	6	1435	1	21	1436	Finish
1436	T5	1	5	1436	1	21	1437	 
1437	T6	0	6	1437	1	21	1438	Finish
1438	T3	0	10	1438	1	21	1439	 
1439	T5	1	5	1439	1	21	1440	 
1440	T6	0	6	1440	1	21	1441	Finish
1441	T6	0	6	1441	1	21	1442	Finish
1442	T5	1	5	1442	1	21	1443	 
1443	T3	0	10	1443	1	21	1444	 
1444	T6	0	6	1444	1	21	1445	Finish
1445	T5	1	5	1445	1	21	1446	 
1446	T6	0	6	1446	1	21	1447	Finish
1447	T3	0	10	1447	1	21	1448	 
1448	T5	1	5	1448	1	21	1449	 
1449	T6	0	6	1449	1	21	1450	Finish
1450	T5	1	5	1450	1	21	1451	 
1451	T6	0	6	1451	1	21	1452	Finish
1452	T3	0	10	1452	1	21	1453	 
1453	T6	0	6	1453	1	21	1454	Finish
1454	T5	1	5	1454	1	21	1455	 
1455	T6	0	6	1455	1	21	1456	Finish
1456	T5	1	5	1456	1	21	1457	 
1457	T3	0	10	1457	1	21	1458	 
1458	T6	0	6	1458	1	21	1459	Finish
1459	T5	1	5	1459	1	21	1460	 
1460	T6	0	6	1460	1	21	1461	Finish
1461	T3	0	10	1461	1	21	1462	 
1462	T5	1	5	1462	1	21	1463	 
1463	T6	0	6	1463	1	21	1464	Finish
1464	T6	0	6	1464	1	21	1465	Finish
1465	T5	1	5	1465	1	21	1466	 
1466	T3	0	10	1466	1	21	1467	 
1467	T6	0	6	1467	1	21	1468	Finish
1468	T5	1	5	1468	1	21	1469	 
1469	T6	0	6	1469	1	21	1470	Finish
1470	T5	1	5	1470	1	21	1471	 
1471	T3	0	10	1471	1	21	1472	 
1472	T6	0	6	1472	1	21	1473	Finish
1473	T5	1	5	1473	1	21	1474	 
1474	T6	0	6	1474	1	21	1475	Finish
1475	T3	0	10	1475	1	21	1476	 
1476	T6	0	6	1476	1	21	1477	Finish
1477	T5	1	5	1477	1	21	1478	 
1478	T6	0	6	1478	1	21	1479	Finish
1479	T5	1	5	1479	1	21	1480	 
1480	T3	0	10	1480	1	21	1481	 
1481	T6	0	6	1481	1	21	1482	Finish
1482	T5	1	5	1482	1	21	1483	 
1483	T6	0	6	1483	1	21	1484	Finish
1484	T3	0	10	1484	1	21	1485	 
1485	T5	1	5	1485	1	21	1486	 
1486	T6	0	6	1486	1	21	1487	Finish
1487	T6	0	6	1487	1	21	1488	Finish
1488	T5	1	5	1488	1	21	1489	 
1489	T3	0	10	1489	1	21	1490	 
1490	T6	0	6	1490	1	21	1491	Finish
1491	T5	1	5	1491	1	21	1492	 
1492	T6	0	6	1492	1	21	1493	Finish
1493	T5	1	5	1493	1	21	1494	 
1494	T3	0	10	1494	1	21	1495	 
1495	T6	0	6	1495	1	21	1496	Finish
1496	T5	1	5	1496	1	21	1497	 
1497	T6	0	6	1497	1	21	1498	Finish
1498	T3	0	10	1498	1	21	1499	 
1499	T6	0	6	1499	1	21	1500	Finish
1500	T5	1	5	1500	1	21	1501	 
1501	T6	0	6	1501	1	21	1502	Finish
1502	T5	1	5	1502	1	21	1503	 
1503	T6	0	6	1503	1	21	1504	Finish
1504	T3	0	10	1504	1	21	1505	 
1505	T5	1	5	1505	1	21	1506	 
1506	T6	0	6	1506	1	21	1507	Finish
1507	T5	1	5	1507	1	21	1508	 
1508	T6	0	6	1508	1	21	1509	Finish
1509	T3	0	10	1509	1	21	1510	 
1510	T6	0	6	1510	1	21	1511	Finish
1511	T5	1	5	1511	1	21	1512	 
1512	T6	0	6	1512	1	21	1513	Finish
1513	T3	0	10	1513	1	21	1514	 
1514	T5	1	5	1514	1	21	1515	 
1515	T6	0	6	1515	1	21	1516	Finish
1516	T5	1	5	1516	1	21	1517	 
1517	T6	0	6	1517	1	21	1518	Finish
1518	T3	0	10	1518	1	21	1519	 
1519	T5	1	5	1519	1	21	1520	 
1520	T6	0	6	1520	1	21	1521	Finish
1521	T6	0	6	1521	1	21	1522	Finish
1522	T5	1	5	1522	1	21	1523	 
1523	T3	0	10	1523	1	21	1524	 
1524	T6	0	6	1524	1	21	1525	Finish
1525	T5	1	5	1525	1	21	1526	 
1526	T6	0	6	1526	1	21	1527	Finish
1527	T3	0	10	1527	1	21	1528	 
1528	T5	1	5	1528	1	21	1529	 
1529	T6	0	6	1529	1	21	1530	Finish
1530	T5	1	5	1530	1	21	1531	 
1531	T6	0	6	1531	1	21	1532	Finish
1532	T3	0	10	1532	1	21	1533	 
1533	T6	0	6	1533	1	21	1534	Finish
1534	T5	1	5	1534	1	21	1535	 
1535	T6	0	6	1535	1	21	1536	Finish
1536	T5	1	5	1536	1	21	1537	 
1537	T3	0	10	1537	1	21	1538	 
1538	T6	0	6	1538	1	21	1539	Finish
1539	T5	1	5	1539	1	21	1540	 
1540	T6	0	6	1540	1	21	1541	Finish
1541	T3	0	10	1541	1	21	1542	 
1542	T5	1	5	1542	1	21	1543	 
1543	T6	0	6	1543	1	21	1544	Finish
1544	T6	0	6	1544	1	21	1545	Finish
1545	T5	1	5	1545	1	21	1546	 
1546	T3	0	10	1546	1	21	1547	 
1547	T6	0	6	1547	1	21	1548	Finish
1548	T5	1	5	1548	1	21	1549	 
1549	T6	0	6	1549	1	21	1550	Finish
1550	T5	1	5	1550	1	21	1551	 
1551	T3	0	10	1551	1	21	1552	 
1552	T6	0	6	1552	1	21	1553	Finish
1553	T5	1	5	1553	1	21	1554	 
1554	T6	0	6	1554	1	21	1555	Finish
1555	T3	0	10	1555	1	21	1556	 
1556	T6	0	6	1556	1	21	1557	Finish
1557	T5	1	5	1557	1	21	1558	 
1558	T6	0	6	1558	1	21	1559	Finish
1559	T5	1	5	1559	1	21	1560	 
1560	T3	0	10	1560	1	21	1561	 
1561	T6	0	6	1561	1	21	1562	Finish
1562	T5	1	5	1562	1	21	1563	 
1563	T6	0	6	1563	1	21	1564	Finish
1564	T5	1	5	1564	1	21	1565	 
1565	T3	0	10	1565	1	21	1566	 
1566	T6	0	6	1566	1	21	1567	Finish
1567	T6	0	6	1567	1	21	1568	Finish
1568	T5	1	5	1568	1	21	1569	 
1569	T3	0	10	1569	1	21	1570	 
1570	T6	0	6	1570	1	21	1571	Finish
1571	T5	1	5	1571	1	21	1572	 
1572	T6	0	6	1572	1	21	1573	Finish
1573	T5	1	5	1573	1	21	1574	 
1574	T3	0	10	1574	1	21	1575	 
1575	T6	0	6	1575	1	21	1576	Finish
1576	T5	1	5	1576	1	21	1577	 
1577	T6	0	6	1577	1	21	1578	Finish
1578	T3	0	10	1578	1	22	1579	 
1579	T5	1	5	1579	1	22	1580	 
1580	T6	0	6	1580	1	22	1581	Finish
1581	T5	1	5	1581	1	22	1582	 
1582	T6	0	6	1582	1	22	1583	Finish
1583	T3	0	10	1583	1	22	1584	 
1584	T5	1	5	1584	1	22	1585	 
1585	T6	0	6	1585	1	22	1586	Finish
1586	T5	1	5	1586	1	22	1587	 
1587	T6	0	6	1587	1	22	1588	Finish
1588	T3	0	10	1588	1	22	1589	 
1589	T6	0	6	1589	1	22	1590	Finish
1590	T5	1	5	1590	1	22	1591	 
1591	T6	0	6	1591	1	22	1592	Finish
1592	T3	0	10	1592	1	22	1593	 
1593	T5	1	5	1593	1	22	1594	 
1594	T6	0	6	1594	1	22	1595	Finish
1595	T5	1	5	1595	1	22	1596	 
1596	T6	0	6	1596	1	22	1597	Finish
1597	T3	0	10	1597	1	22	1598	 
1598	T5	1	5	1598	1	22	1599	 
1599	T6	0	6	1599	1	22	1600	Finish
1600	T6	0	6	1600	1	22	1601	Finish
1601	T5	1	5	1601	1	22	1602	 
1602	T3	0	10	1602	1	22	1603	 
1603	T6	0	6	1603	1	22	1604	Finish
1604	T5	1	5	1604	1	22	1605	 
1605	T6	0	6	1605	1	22	1606	Finish
1606	T3	0	10	1606	1	22	1607	 
1607	T5	1	5	1607	1	22	1608	 
1608	T6	0	6	1608	1	22	1609	Finish
1609	T5	1	5	1609	1	22	1610	 
1610	T6	0	6	1610	1	22	1611	Finish
1611	T3	0	10	1611	1	22	1612	 
1612	T6	0	6	1612	1	22	1613	Finish
1613	T5	1	5	1613	1	22	1614	 
1614	T6	0	6	1614	1	22	1615	Finish
1615	T5	1	5	1615	1	22	1616	 
1616	T3	0	10	1616	1	22	1617	 
1617	T6	0	6	1617	1	22	1618	Finish
1618	T5	1	5	1618	1	22	1619	 
1619	T6	0	6	1619	1	22	1620	Finish
1620	T3	0	10	1620	1	22	1621	 
1621	T5	1	5	1621	1	22	1622	 
1622	T6	0	6	1622	1	22	1623	Finish
1623	T6	0	6	1623	1	22	1624	Finish
1624	T5	1	5	1624	1	22	1625	 
1625	T3	0	10	1625	1	22	1626	 
1626	T6	0	6	1626	1	22	1627	Finish
1627	T5	1	5	1627	1	22	1628	 
1628	T6	0	6	1628	1	22	1629	Finish
1629	T5	1	5	1629	1	22	1630	 
1630	T3	0	10	1630	1	22	1631	 
1631	T6	0	6	1631	1	22	1632	Finish
1632	T5	1	5	1632	1	22	1633	 
1633	T6	0	6	1633	1	22	1634	Finish
1634	T3	0	10	1634	1	22	1635	 
1635	T6	0	6	1635	1	22	1636	Finish
1636	T5	1	5	1636	1	22	1637	 
1637	T6	0	6	1637	1	22	1638	Finish
1638	T5	1	5	1638	1	22	1639	 
1639	T3	0	10	1639	1	22	1640	 
1640	T6	0	6	1640	1	22	1641	Finish
1641	T5	1	5	1641	1	22	1642	 
1642	T6	0	6	1642	1	22	1643	Finish
1643	T5	1	5	1643	1	22	1644	 
1644	T3	0	10	1644	1	22	1645	 
1645	T6	0	6	1645	1	22	1646	Finish
1646	T6	0	6	1646	1	22	1647	Finish
1647	T5	1	5	1647	1	22	1648	 
1648	T3	0	10	1648	1	22	1649	 
1649	T6	0	6	1649	1	22	1650	Finish
1650	T5	1	5	1650	1	22	1651	 
1651	T6	0	6	1651	1	22	1652	Finish
1652	T5	1	5	1652	1	22	1653	 
1653	T6	0	6	1653	1	22	1654	Finish
1654	T3	0	10	1654	1	22	1655	 
1655	T5	1	5	1655	1	22	1656	 
1656	T6	0	6	1656	1	22	1657	Finish
1657	T6	0	6	1657	1	22	1658	Finish
1658	T5	1	5	1658	1	22	1659	 
1659	T3	0	10	1659	1	22	1660	 
1660	T6	0	6	1660	1	22	1661	Finish
1661	T5	1	5	1661	1	22	1662	 
1662	T6	0	6	1662	1	22	1663	Finish
1663	T3	0	10	1663	1	22	1664	 
1664	T5	1	5	1664	1	22	1665	 
1665	T6	0	6	1665	1	22	1666	Finish
1666	T5	1	5	1666	1	22	1667	 
1667	T6	0	6	1667	1	22	1668	Finish
1668	T3	0	10	1668	1	22	1669	 
1669	T6	0	6	1669	1	22	1670	Finish
1670	T5	1	5	1670	1	22	1671	 
1671	T6	0	6	1671	1	22	1672	Finish
1672	T3	0	10	1672	1	22	1673	 
1673	T5	1	5	1673	1	22	1674	 
1674	T6	0	6	1674	1	22	1675	Finish
1675	T5	1	5	1675	1	22	1676	 
1676	T6	0	6	1676	1	22	1677	Finish
1677	T3	0	10	1677	1	22	1678	 
1678	T5	1	5	1678	1	22	1679	 
1679	T6	0	6	1679	1	22	1680	Finish
1680	T6	0	6	1680	1	22	1681	Finish
1681	T5	1	5	1681	1	22	1682	 
1682	T3	0	10	1682	1	22	1683	 
1683	T6	0	6	1683	1	22	1684	Finish
1684	T5	1	5	1684	1	22	1685	 
1685	T6	0	6	1685	1	22	1686	Finish
1686	T3	0	10	1686	1	22	1687	 
1687	T5	1	5	1687	1	22	1688	 
1688	T6	0	6	1688	1	22	1689	Finish
1689	T5	1	5	1689	1	22	1690	 
1690	T6	0	6	1690	1	22	1691	Finish
1691	T3	0	10	1691	1	22	1692	 
1692	T6	0	6	1692	1	22	1693	Finish
1693	T5	1	5	1693	1	22	1694	 
1694	T6	0	6	1694	1	22	1695	Finish
1695	T5	1	5	1695	1	22	1696	 
1696	T3	0	10	1696	1	22	1697	 
1697	T6	0	6	1697	1	22	1698	Finish
1698	T5	1	5	1698	1	22	1699	 
1699	T6	0	6	1699	1	22	1700	Finish
1700	T3	0	10	1700	1	22	1701	 
1701	T5	1	5	1701	1	22	1702	 
1702	T6	0	6	1702	1	22	1703	Finish
1703	T6	0	6	1703	1	22	1704	Finish
1704	T5	1	5	1704	1	22	1705	 
1705	T3	0	10	1705	1	22	1706	 
1706	T6	0	6	1706	1	22	1707	Finish
1707	T5	1	5	1707	1	22	1708	 
1708	T6	0	6	1708	1	22	1709	Finish
1709	T5	1	5	1709	1	22	1710	 
1710	T3	0	10	1710	1	22	1711	 
1711	T6	0	6	1711	1	22	1712	Finish
1712	T5	1	5	1712	1	22	1713	 
1713	T6	0	6	1713	1	22	1714	Finish
1714	T3	0	10	1714	1	22	1715	 
1715	T6	0	6	1715	1	22	1716	Finish
1716	T5	1	5	1716	1	22	1717	 
1717	T6	0	6	1717	1	22	1718	Finish
1718	T5	1	5	1718	1	22	1719	 
1719	T3	0	10	1719	1	22	1720	 
1720	T6	0	6	1720	1	22	1721	Finish
1721	T5	1	5	1721	1	22	1722	 
1722	T6	0	6	1722	1	22	1723	Finish
1723	T5	1	5	1723	1	22	1724	 
1724	T3	0	10	1724	1	22	1725	 
1725	T6	0	6	1725	1	22	1726	Finish
1726	T6	0	6	1726	1	22	1727	Finish
1727	T5	1	5	1727	1	22	1728	 
1728	T6	0	6	1728	1	22	1729	Finish
1729	T3	0	10	1729	1	22	1730	 
1730	T5	1	5	1730	1	22	1731	 
1731	T6	0	6	1731	1	22	1732	Finish
1732	T5	1	5	1732	1	22	1733	 
1733	T6	0	6	1733	1	22	1734	Finish
1734	T3	0	10	1734	1	22	1735	 
1735	T5	1	5	1735	1	22	1736	 
1736	T6	0	6	1736	1	22	1737	Finish
1737	T6	0	6	1737	1	22	1738	Finish
1738	T5	1	5	1738	1	22	1739	 
1739	T3	0	10	1739	1	22	1740	 
1740	T6	0	6	1740	1	22	1741	Finish
1741	T5	1	5	1741	1	22	1742	 
1742	T6	0	6	1742	1	22	1743	Finish
1743	T3	0	10	1743	1	22	1744	 
1744	T5	1	5	1744	1	22	1745	 
1745	T6	0	6	1745	1	22	1746	Finish
1746	T5	1	5	1746	1	22	1747	 
1747	T6	0	6	1747	1	22	1748	Finish
1748	T3	0	10	1748	1	22	1749	 
1749	T6	0	6	1749	1	22	1750	Finish
1750	T5	1	5	1750	1	22	1751	 
1751	T6	0	6	1751	1	22	1752	Finish
1752	T5	1	5	1752	1	22	1753	 
1753	T3	0	10	1753	1	22	1754	 
1754	T6	0	6	1754	1	22	1755	Finish
1755	T5	1	5	1755	1	22	1756	 
1756	T6	0	6	1756	1	22	1757	Finish
1757	T3	0	10	1757	1	22	1758	 
1758	T5	1	5	1758	1	22	1759	 
1759	T6	0	6	1759	1	22	1760	Finish
1760	T6	0	6	1760	1	22	1761	Finish
1761	T5	1	5	1761	1	22	1762	 
1762	T3	0	10	1762	1	22	1763	 
1763	T6	0	6	1763	1	22	1764	Finish
1764	T5	1	5	1764	1	22	1765	 
1765	T6	0	6	1765	1	22	1766	Finish
1766	T3	0	10	1766	1	22	1767	 
1767	T5	1	5	1767	1	22	1768	 
1768	T6	0	6	1768	1	22	1769	Finish
1769	T5	1	5	1769	1	22	1770	 
1770	T6	0	6	1770	1	22	1771	Finish
1771	T3	0	10	1771	1	22	1772	 
1772	T6	0	6	1772	1	22	1773	Finish
1773	T5	1	5	1773	1	22	1774	 
1774	T6	0	6	1774	1	22	1775	Finish
1775	T5	1	5	1775	1	22	1776	 
1776	T3	0	10	1776	1	22	1777	 
1777	T6	0	6	1777	1	22	1778	Finish
1778	T5	1	5	1778	1	22	1779	 
1779	T6	0	6	1779	1	22	1780	Finish
1780	T3	0	10	1780	1	22	1781	 
1781	T5	1	5	1781	1	22	1782	 
1782	T6	0	6	1782	1	22	1783	Finish
1783	T6	0	6	1783	1	22	1784	Finish
1784	T5	1	5	1784	1	22	1785	 
1785	T3	0	10	1785	1	22	1786	 
1786	T6	0	6	1786	1	22	1787	Finish
1787	T5	1	5	1787	1	22	1788	 
1788	T6	0	6	1788	1	22	1789	Finish
1789	T5	1	5	1789	1	22	1790	 
1790	T3	0	10	1790	1	22	1791	 
1791	T6	0	6	1791	1	22	1792	Finish
1792	T5	1	5	1792	1	22	1793	 
1793	T6	0	6	1793	1	22	1794	Finish
1794	T3	0	10	1794	1	22	1795	 
1795	T6	0	6	1795	1	22	1796	Finish
1796	T5	1	5	1796	1	22	1797	 
1797	T6	0	6	1797	1	22	1798	Finish
1798	T5	1	5	1798	1	22	1799	 
1799	T3	0	10	1799	1	22	1800	 
1800	T6	0	6	1800	1	22	1801	Finish
1801	T5	1	5	1801	1	22	1802	 
1802	T6	0	6	1802	1	22	1803	Finish
1803	T5	1	5	1803	1	22	1804	 
1804	T6	0	6	1804	1	22	1805	Finish
1805	T3	0	10	1805	1	22	1806	 
1806	T6	0	6	1806	1	22	1807	Finish
1807	T5	1	5	1807	1	22	1808	 
1808	T6	0	6	1808	1	22	1809	Finish
1809	T3	0	10	1809	1	22	1810	 
1810	T5	1	5	1810	1	22	1811	 
1811	T6	0	6	1811	1	22	1812	Finish
1812	T5	1	5	1812	1	22	1813	 
1813	T6	0	6	1813	1	22	1814	Finish
1814	T3	0	10	1814	1	22	1815	 
1815	T5	1	5	1815	1	22	1816	 
1816	T6	0	6	1816	1	22	1817	Finish
1817	T6	0	6	1817	1	22	1818	Finish
1818	T5	1	5	1818	1	22	1819	 
1819	T3	0	10	1819	1	22	1820	 
1820	T6	0	6	1820	1	22	1821	Finish
1821	T5	1	5	1821	1	22	1822	 
1822	T6	0	6	1822	1	22	1823	Finish
1823	T3	0	10	1823	1	22	1824	 
1824	T5	1	5	1824	1	22	1825	 
1825	T6	0	6	1825	1	22	1826	Finish
1826	T5	1	5	1826	1	22	1827	 
1827	T6	0	6	1827	1	22	1828	Finish
1828	T3	0	10	1828	1	22	1829	 
1829	T6	0	6	1829	1	22	1830	Finish
1830	T5	1	5	1830	1	22	1831	 
1831	T6	0	6	1831	1	22	1832	Finish
1832	T5	1	5	1832	1	22	1833	 
1833	T3	0	10	1833	1	22	1834	 
1834	T6	0	6	1834	1	22	1835	Finish
1835	T5	1	5	1835	1	22	1836	 
1836	T6	0	6	1836	1	22	1837	Finish
1837	T3	0	10	1837	1	22	1838	 
1838	T5	1	5	1838	1	22	1839	 
1839	T6	0	6	1839	1	22	1840	Finish
1840	T6	0	6	1840	1	22	1841	Finish
1841	T5	1	5	1841	1	22	1842	 
1842	T3	0	10	1842	1	22	1843	 
1843	T6	0	6	1843	1	22	1844	Finish
1844	T5	1	5	1844	1	22	1845	 
1845	T6	0	6	1845	1	22	1846	Finish
1846	T5	1	5	1846	1	22	1847	 
1847	T3	0	10	1847	1	22	1848	 
1848	T6	0	6	1848	1	22	1849	Finish
1849	T5	1	5	1849	1	22	1850	 
1850	T6	0	6	1850	1	22	1851	Finish
1851	T3	0	10	1851	1	22	1852	 
1852	T6	0	6	1852	1	22	1853	Finish
1853	T5	1	5	1853	1	22	1854	 
1854	T6	0	6	1854	1	22	1855	Finish
1855	T5	1	5	1855	1	22	1856	 
1856	T3	0	10	1856	1	22	1857	 
1857	T6	0	6	1857	1	22	1858	Finish
1858	T5	1	5	1858	1	22	1859	 
1859	T6	0	6	1859	1	22	1860	Finish
1860	T3	0	10	1860	1	22	1861	 
1861	T5	1	5	1861	1	22	1862	 
1862	T6	0	6	1862	1	22	1863	Finish
1863	T6	0	6	1863	1	22	1864	Finish
1864	T5	1	5	1864	1	22	1865	 
1865	T3	0	10	1865	1	22	1866	 
1866	T6	0	6	1866	1	22	1867	Finish
1867	T5	1	5	1867	1	22	1868	 
1868	T6	0	6	1868	1	22	1869	Finish
1869	T5	1	5	1869	1	22	1870	 
1870	T3	0	10	1870	1	22	1871	 
1871	T6	0	6	1871	1	22	1872	Finish
1872	T5	1	5	1872	1	22	1873	 
1873	T6	0	6	1873	1	22	1874	Finish
1874	T3	0	10	1874	1	22	1875	 
1875	T6	0	6	1875	1	22	1876	Finish
1876	T5	1	5	1876	1	22	1877	 
1877	T6	0	6	1877	1	22	1878	Finish
1878	T5	1	5	1878	1	22	1879	 
1879	T6	0	6	1879	1	22	1880	Finish
1880	T3	0	10	1880	1	22	1881	 
1881	T5	1	5	1881	1	22	1882	 
1882	T6	0	6	1882	1	22	1883	Finish
1883	T5	1	5	1883	1	22	1884	 
1884	T6	0	6	1884	1	22	1885	Finish
1885	T3	0	10	1885	1	22	1886	 
1886	T6	0	6	1886	1	22	1887	Finish
1887	T5	1	5	1887	1	22	1888	 
1888	T6	0	6	1888	1	22	1889	Finish
1889	T3	0	10	1889	1	22	1890	 
1890	T5	1	5	1890	1	22	1891	 
1891	T6	0	6	1891	1	22	1892	Finish
1892	T5	1	5	1892	1	22	1893	 
1893	T6	0	6	1893	1	22	1894	Finish
1894	T3	0	10	1894	1	22	1895	 
1895	T5	1	5	1895	1	22	1896	 
1896	T6	0	6	1896	1	22	1897	Finish
1897	T6	0	6	1897	1	22	1898	Finish
1898	T5	1	5	1898	1	22	1899	 
1899	T3	0	10	1899	1	22	1900	 
1900	T6	0	6	1900	1	22	1901	Finish
1901	T5	1	5	1901	1	22	1902	 
1902	T6	0	6	1902	1	22	1903	Finish
1903	T3	0	10	1903	1	22	1904	 
1904	T5	1	5	1904	1	22	1905	 
1905	T6	0	6	1905	1	22	1906	Finish
1906	T5	1	5	1906	1	22	1907	 
1907	T6	0	6	1907	1	22	1908	Finish
1908	T3	0	10	1908	1	22	1909	 
1909	T6	0	6	1909	1	22	1910	Finish
1910	T5	1	5	1910	1	22	1911	 
1911	T6	0	6	1911	1	22	1912	Finish
1912	T5	1	5	1912	1	22	1913	 
1913	T3	0	10	1913	1	22	1914	 
1914	T6	0	6	1914	1	22	1915	Finish
1915	T5	1	5	1915	1	22	1916	 
1916	T6	0	6	1916	1	22	1917	Finish
1917	T3	0	10	1917	1	22	1918	 
1918	T5	1	5	1918	1	22	1919	 
1919	T6	0	6	1919	1	22	1920	Finish
1920	T6	0	6	1920	1	22	1921	Finish
1921	T5	1	5	1921	1	22	1922	 
1922	T3	0	10	1922	1	22	1923	 
1923	T6	0	6	1923	1	22	1924	Finish
1924	T5	1	5	1924	1	22	1925	 
1925	T6	0	6	1925	1	22	1926	Finish
1926	T5	1	5	1926	1	22	1927	 
1927	T3	0	10	1927	1	22	1928	 
1928	T6	0	6	1928	1	22	1929	Finish
1929	T5	1	5	1929	1	22	1930	 
1930	T6	0	6	1930	1	22	1931	Finish
1931	T3	0	10	1931	1	22	1932	 
1932	T6	0	6	1932	1	22	1933	Finish
1933	T5	1	5	1933	1	22	1934	 
1934	T6	0	6	1934	1	22	1935	Finish
1935	T5	1	5	1935	1	22	1936	 
1936	T3	0	10	1936	1	22	1937	 
1937	T6	0	6	1937	1	22	1938	Finish
1938	T5	1	5	1938	1	22	1939	 
1939	T6	0	6	1939	1	22	1940	Finish
1940	T5	1	5	1940	1	22	1941	 
1941	T3	0	10	1941	1	22	1942	 
1942	T6	0	6	1942	1	22	1943	Finish
1943	T6	0	6	1943	1	22	1944	Finish
1944	T5	1	5	1944	1	22	1945	 
1945	T3	0	10	1945	1	22	1946	 
1946	T6	0	6	1946	1	22	1947	Finish
1947	T5	1	5	1947	1	22	1948	 
1948	T6	0	6	1948	1	22	1949	Finish
1949	T5	1	5	1949	1	22	1950	 
1950	T3	0	10	1950	1	22	1951	 
1951	T6	0	6	1951	1	22	1952	Finish
1952	T5	1	5	1952	1	22	1953	 
1953	T6	0	6	1953	1	22	1954	Finish
1954	T3	0	10	1954	1	23	1955	 
1955	T5	1	5	1955	1	23	1956	 
1956	T6	0	6	1956	1	23	1957	Finish
1957	T5	1	5	1957	1	23	1958	 
1958	T6	0	6	1958	1	23	1959	Finish
1959	T3	0	10	1959	1	23	1960	 
1960	T5	1	5	1960	1	23	1961	 
1961	T6	0	6	1961	1	23	1962	Finish
1962	T5	1	5	1962	1	23	1963	 
1963	T6	0	6	1963	1	23	1964	Finish
1964	T3	0	10	1964	1	23	1965	 
1965	T6	0	6	1965	1	23	1966	Finish
1966	T5	1	5	1966	1	23	1967	 
1967	T6	0	6	1967	1	23	1968	Finish
1968	T3	0	10	1968	1	23	1969	 
1969	T5	1	5	1969	1	23	1970	 
1970	T6	0	6	1970	1	23	1971	Finish
1971	T5	1	5	1971	1	23	1972	 
1972	T6	0	6	1972	1	23	1973	Finish
1973	T3	0	10	1973	1	23	1974	 
1974	T5	1	5	1974	1	23	1975	 
1975	T6	0	6	1975	1	23	1976	Finish
1976	T6	0	6	1976	1	23	1977	Finish
1977	T5	1	5	1977	1	23	1978	 
1978	T3	0	10	1978	1	23	1979	 
1979	T6	0	6	1979	1	23	1980	Finish
1980	T5	1	5	1980	1	23	1981	 
1981	T6	0	6	1981	1	23	1982	Finish
1982	T3	0	10	1982	1	23	1983	 
1983	T5	1	5	1983	1	23	1984	 
1984	T6	0	6	1984	1	23	1985	Finish
1985	T5	1	5	1985	1	23	1986	 
1986	T6	0	6	1986	1	23	1987	Finish
1987	T3	0	10	1987	1	23	1988	 
1988	T6	0	6	1988	1	23	1989	Finish
1989	T5	1	5	1989	1	23	1990	 
1990	T6	0	6	1990	1	23	1991	Finish
1991	T5	1	5	1991	1	23	1992	 
1992	T3	0	10	1992	1	23	1993	 
1993	T6	0	6	1993	1	23	1994	Finish
1994	T5	1	5	1994	1	23	1995	 
1995	T6	0	6	1995	1	23	1996	Finish
1996	T3	0	10	1996	1	23	1997	 
1997	T5	1	5	1997	1	23	1998	 
1998	T6	0	6	1998	1	23	1999	Finish
1999	T6	0	6	1999	1	23	2000	Finish
2000	T5	1	5	2000	1	23	2001	 
2001	T3	0	10	2001	1	23	2002	 
2002	T6	0	6	2002	1	23	2003	Finish
2003	T5	1	5	2003	1	23	2004	 
2004	T6	0	6	2004	1	23	2005	Finish
2005	T5	1	5	2005	1	23	2006	 
2006	T3	0	10	2006	1	23	2007	 
2007	T6	0	6	2007	1	23	2008	Finish
2008	T5	1	5	2008	1	23	2009	 
2009	T6	0	6	2009	1	23	2010	Finish
2010	T3	0	10	2010	1	23	2011	 
2011	T6	0	6	2011	1	23	2012	Finish
2012	T5	1	5	2012	1	23	2013	 
2013	T6	0	6	2013	1	23	2014	Finish
2014	T5	1	5	2014	1	23	2015	 
2015	T3	0	10	2015	1	23	2016	 
2016	T6	0	6	2016	1	23	2017	Finish
2017	T5	1	5	2017	1	23	2018	 
2018	T6	0	6	2018	1	23	2019	Finish
2019	T5	1	5	2019	1	23	2020	 
2020	T3	0	10	2020	1	23	2021	 
2021	T6	0	6	2021	1	23	2022	Finish
2022	T6	0	6	2022	1	23	2023	Finish
2023	T5	1	5	2023	1	23	2024	 
2024	T3	0	10	2024	1	23	2025	 
2025	T6	0	6	2025	1	23	2026	Finish
2026	T5	1	5	2026	1	23	2027	 
2027	T6	0	6	2027	1	23	2028	Finish
2028	T5	1	5	2028	1	23	2029	 
2029	T6	0	6	2029	1	23	2030	Finish
2030	T3	0	10	2030	1	23	2031	 
2031	T5	1	5	2031	1	23	2032	 
2032	T6	0	6	2032	1	23	2033	Finish
2033	T6	0	6	2033	1	23	2034	Finish
2034	T5	1	5	2034	1	23	2035	 
2035	T3	0	10	2035	1	23	2036	 
2036	T6	0	6	2036	1	23	2037	Finish
2037	T5	1	5	2037	1	23	2038	 
2038	T6	0	6	2038	1	23	2039	Finish
2039	T3	0	10	2039	1	23	2040	 
2040	T5	1	5	2040	1	23	2041	 
2041	T6	0	6	2041	1	23	2042	Finish
2042	T5	1	5	2042	1	23	2043	 
2043	T6	0	6	2043	1	23	2044	Finish
2044	T3	0	10	2044	1	23	2045	 
2045	T6	0	6	2045	1	23	2046	Finish
2046	T5	1	5	2046	1	23	2047	 
2047	T6	0	6	2047	1	23	2048	Finish
2048	T3	0	10	2048	1	23	2049	 
2049	T5	1	5	2049	1	23	2050	 
2050	T6	0	6	2050	1	23	2051	Finish
2051	T5	1	5	2051	1	23	2052	 
2052	T6	0	6	2052	1	23	2053	Finish
2053	T3	0	10	2053	1	23	2054	 
2054	T5	1	5	2054	1	23	2055	 
2055	T6	0	6	2055	1	23	2056	Finish
2056	T6	0	6	2056	1	23	2057	Finish
2057	T5	1	5	2057	1	23	2058	 
2058	T3	0	10	2058	1	23	2059	 
2059	T6	0	6	2059	1	23	2060	Finish
2060	T5	1	5	2060	1	23	2061	 
2061	T6	0	6	2061	1	23	2062	Finish
2062	T3	0	10	2062	1	23	2063	 
2063	T5	1	5	2063	1	23	2064	 
2064	T6	0	6	2064	1	23	2065	Finish
2065	T5	1	5	2065	1	23	2066	 
2066	T6	0	6	2066	1	23	2067	Finish
2067	T3	0	10	2067	1	23	2068	 
2068	T6	0	6	2068	1	23	2069	Finish
2069	T5	1	5	2069	1	23	2070	 
2070	T6	0	6	2070	1	23	2071	Finish
2071	T5	1	5	2071	1	23	2072	 
2072	T3	0	10	2072	1	23	2073	 
2073	T6	0	6	2073	1	23	2074	Finish
2074	T5	1	5	2074	1	23	2075	 
2075	T6	0	6	2075	1	23	2076	Finish
2076	T3	0	10	2076	1	23	2077	 
2077	T5	1	5	2077	1	23	2078	 
2078	T6	0	6	2078	1	23	2079	Finish
2079	T6	0	6	2079	1	23	2080	Finish
2080	T5	1	5	2080	1	23	2081	 
2081	T3	0	10	2081	1	23	2082	 
2082	T6	0	6	2082	1	23	2083	Finish
2083	T5	1	5	2083	1	23	2084	 
2084	T6	0	6	2084	1	23	2085	Finish
2085	T5	1	5	2085	1	23	2086	 
2086	T3	0	10	2086	1	23	2087	 
2087	T6	0	6	2087	1	23	2088	Finish
2088	T5	1	5	2088	1	23	2089	 
2089	T6	0	6	2089	1	23	2090	Finish
2090	T3	0	10	2090	1	23	2091	 
2091	T6	0	6	2091	1	23	2092	Finish
2092	T5	1	5	2092	1	23	2093	 
2093	T6	0	6	2093	1	23	2094	Finish
2094	T5	1	5	2094	1	23	2095	 
2095	T3	0	10	2095	1	23	2096	 
2096	T6	0	6	2096	1	23	2097	Finish
2097	T5	1	5	2097	1	23	2098	 
2098	T6	0	6	2098	1	23	2099	Finish
2099	T5	1	5	2099	1	23	2100	 
2100	T3	0	10	2100	1	23	2101	 
2101	T6	0	6	2101	1	23	2102	Finish
2102	T6	0	6	2102	1	23	2103	Finish
2103	T5	1	5	2103	1	23	2104	 
2104	T6	0	6	2104	1	23	2105	Finish
2105	T3	0	10	2105	1	23	2106	 
2106	T5	1	5	2106	1	23	2107	 
2107	T6	0	6	2107	1	23	2108	Finish
2108	T5	1	5	2108	1	23	2109	 
2109	T6	0	6	2109	1	23	2110	Finish
2110	T3	0	10	2110	1	23	2111	 
2111	T5	1	5	2111	1	23	2112	 
2112	T6	0	6	2112	1	23	2113	Finish
2113	T6	0	6	2113	1	23	2114	Finish
2114	T5	1	5	2114	1	23	2115	 
2115	T3	0	10	2115	1	23	2116	 
2116	T6	0	6	2116	1	23	2117	Finish
2117	T5	1	5	2117	1	23	2118	 
2118	T6	0	6	2118	1	23	2119	Finish
2119	T3	0	10	2119	1	23	2120	 
2120	T5	1	5	2120	1	23	2121	 
2121	T6	0	6	2121	1	23	2122	Finish
2122	T5	1	5	2122	1	23	2123	 
2123	T6	0	6	2123	1	23	2124	Finish
2124	T3	0	10	2124	1	23	2125	 
2125	T6	0	6	2125	1	23	2126	Finish
2126	T5	1	5	2126	1	23	2127	 
2127	T6	0	6	2127	1	23	2128	Finish
2128	T5	1	5	2128	1	23	2129	 
2129	T3	0	10	2129	1	23	2130	 
2130	T6	0	6	2130	1	23	2131	Finish
2131	T5	1	5	2131	1	23	2132	 
2132	T6	0	6	2132	1	23	2133	Finish
2133	T3	0	10	2133	1	23	2134	 
2134	T5	1	5	2134	1	23	2135	 
2135	T6	0	6	2135	1	23	2136	Finish
2136	T6	0	6	2136	1	23	2137	Finish
2137	T5	1	5	2137	1	23	2138	 
2138	T3	0	10	2138	1	23	2139	 
2139	T6	0	6	2139	1	23	2140	Finish
2140	T5	1	5	2140	1	23	2141	 
2141	T6	0	6	2141	1	23	2142	Finish
2142	T3	0	10	2142	1	23	2143	 
2143	T5	1	5	2143	1	23	2144	 
2144	T6	0	6	2144	1	23	2145	Finish
2145	T5	1	5	2145	1	23	2146	 
2146	T6	0	6	2146	1	23	2147	Finish
2147	T3	0	10	2147	1	23	2148	 
2148	T6	0	6	2148	1	23	2149	Finish
2149	T5	1	5	2149	1	23	2150	 
2150	T6	0	6	2150	1	23	2151	Finish
2151	T5	1	5	2151	1	23	2152	 
2152	T3	0	10	2152	1	23	2153	 
2153	T6	0	6	2153	1	23	2154	Finish
2154	T5	1	5	2154	1	23	2155	 
2155	T6	0	6	2155	1	23	2156	Finish
2156	T3	0	10	2156	1	23	2157	 
2157	T5	1	5	2157	1	23	2158	 
2158	T6	0	6	2158	1	23	2159	Finish
2159	T6	0	6	2159	1	23	2160	Finish
2160	T5	1	5	2160	1	23	2161	 
2161	T3	0	10	2161	1	23	2162	 
2162	T6	0	6	2162	1	23	2163	Finish
2163	T5	1	5	2163	1	23	2164	 
2164	T6	0	6	2164	1	23	2165	Finish
2165	T5	1	5	2165	1	23	2166	 
2166	T3	0	10	2166	1	23	2167	 
2167	T6	0	6	2167	1	23	2168	Finish
2168	T5	1	5	2168	1	23	2169	 
2169	T6	0	6	2169	1	23	2170	Finish
2170	T3	0	10	2170	1	23	2171	 
2171	T6	0	6	2171	1	23	2172	Finish
2172	T5	1	5	2172	1	23	2173	 
2173	T6	0	6	2173	1	23	2174	Finish
2174	T5	1	5	2174	1	23	2175	 
2175	T3	0	10	2175	1	23	2176	 
2176	T6	0	6	2176	1	23	2177	Finish
2177	T5	1	5	2177	1	23	2178	 
2178	T6	0	6	2178	1	23	2179	Finish
2179	T5	1	5	2179	1	23	2180	 
2180	T6	0	6	2180	1	23	2181	Finish
2181	T3	0	10	2181	1	23	2182	 
2182	T6	0	6	2182	1	23	2183	Finish
2183	T5	1	5	2183	1	23	2184	 
2184	T6	0	6	2184	1	23	2185	Finish
2185	T3	0	10	2185	1	23	2186	 
2186	T5	1	5	2186	1	23	2187	 
2187	T6	0	6	2187	1	23	2188	Finish
2188	T5	1	5	2188	1	23	2189	 
2189	T6	0	6	2189	1	23	2190	Finish
2190	T3	0	10	2190	1	23	2191	 
2191	T5	1	5	2191	1	23	2192	 
2192	T6	0	6	2192	1	23	2193	Finish
2193	T6	0	6	2193	1	23	2194	Finish
2194	T5	1	5	2194	1	23	2195	 
2195	T3	0	10	2195	1	23	2196	 
2196	T6	0	6	2196	1	23	2197	Finish
2197	T5	1	5	2197	1	23	2198	 
2198	T6	0	6	2198	1	23	2199	Finish
2199	T3	0	10	2199	1	23	2200	 
2200	T5	1	5	2200	1	23	2201	 
2201	T6	0	6	2201	1	23	2202	Finish
2202	T5	1	5	2202	1	23	2203	 
2203	T6	0	6	2203	1	23	2204	Finish
2204	T3	0	10	2204	1	23	2205	 
2205	T6	0	6	2205	1	23	2206	Finish
2206	T5	1	5	2206	1	23	2207	 
2207	T6	0	6	2207	1	23	2208	Finish
2208	T5	1	5	2208	1	23	2209	 
2209	T3	0	10	2209	1	23	2210	 
2210	T6	0	6	2210	1	23	2211	Finish
2211	T5	1	5	2211	1	23	2212	 
2212	T6	0	6	2212	1	23	2213	Finish
2213	T3	0	10	2213	1	23	2214	 
2214	T5	1	5	2214	1	23	2215	 
2215	T6	0	6	2215	1	23	2216	Finish
2216	T6	0	6	2216	1	23	2217	Finish
2217	T5	1	5	2217	1	23	2218	 
2218	T3	0	10	2218	1	23	2219	 
2219	T6	0	6	2219	1	23	2220	Finish
2220	T5	1	5	2220	1	23	2221	 
2221	T6	0	6	2221	1	23	2222	Finish
2222	T5	1	5	2222	1	23	2223	 
2223	T3	0	10	2223	1	23	2224	 
2224	T6	0	6	2224	1	23	2225	Finish
2225	T5	1	5	2225	1	23	2226	 
2226	T6	0	6	2226	1	23	2227	Finish
2227	T3	0	10	2227	1	23	2228	 
2228	T6	0	6	2228	1	23	2229	Finish
2229	T5	1	5	2229	1	23	2230	 
2230	T6	0	6	2230	1	23	2231	Finish
2231	T5	1	5	2231	1	23	2232	 
2232	T3	0	10	2232	1	23	2233	 
2233	T6	0	6	2233	1	23	2234	Finish
2234	T5	1	5	2234	1	23	2235	 
2235	T6	0	6	2235	1	23	2236	Finish
2236	T3	0	10	2236	1	23	2237	 
2237	T5	1	5	2237	1	23	2238	 
2238	T6	0	6	2238	1	23	2239	Finish
2239	T6	0	6	2239	1	23	2240	Finish
2240	T5	1	5	2240	1	23	2241	 
2241	T3	0	10	2241	1	23	2242	 
2242	T6	0	6	2242	1	23	2243	Finish
2243	T5	1	5	2243	1	23	2244	 
2244	T6	0	6	2244	1	23	2245	Finish
2245	T5	1	5	2245	1	23	2246	 
2246	T3	0	10	2246	1	23	2247	 
2247	T6	0	6	2247	1	23	2248	Finish
2248	T5	1	5	2248	1	23	2249	 
2249	T6	0	6	2249	1	23	2250	Finish
2250	T3	0	10	2250	1	23	2251	 
2251	T6	0	6	2251	1	23	2252	Finish
2252	T5	1	5	2252	1	23	2253	 
2253	T6	0	6	2253	1	23	2254	Finish
2254	T5	1	5	2254	1	23	2255	 
2255	T6	0	6	2255	1	23	2256	Finish
2256	T3	0	10	2256	1	23	2257	 
2257	T5	1	5	2257	1	23	2258	 
2258	T6	0	6	2258	1	23	2259	Finish
2259	T5	1	5	2259	1	23	2260	 
2260	T6	0	6	2260	1	23	2261	Finish
2261	T3	0	10	2261	1	23	2262	 
2262	T6	0	6	2262	1	23	2263	Finish
2263	T5	1	5	2263	1	23	2264	 
2264	T6	0	6	2264	1	23	2265	Finish
2265	T3	0	10	2265	1	23	2266	 
2266	T5	1	5	2266	1	23	2267	 
2267	T6	0	6	2267	1	23	2268	Finish
2268	T5	1	5	2268	1	23	2269	 
2269	T6	0	6	2269	1	23	2270	Finish
2270	T3	0	10	2270	1	23	2271	 
2271	T5	1	5	2271	1	23	2272	 
2272	T6	0	6	2272	1	23	2273	Finish
2273	T6	0	6	2273	1	23	2274	Finish
2274	T5	1	5	2274	1	23	2275	 
2275	T3	0	10	2275	1	23	2276	 
2276	T6	0	6	2276	1	23	2277	Finish
2277	T5	1	5	2277	1	23	2278	 
2278	T6	0	6	2278	1	23	2279	Finish
2279	T3	0	10	2279	1	23	2280	 
2280	T5	1	5	2280	1	23	2281	 
2281	T6	0	6	2281	1	23	2282	Finish
2282	T5	1	5	2282	1	23	2283	 
2283	T6	0	6	2283	1	23	2284	Finish
2284	T3	0	10	2284	1	23	2285	 
2285	T6	0	6	2285	1	23	2286	Finish
2286	T5	1	5	2286	1	23	2287	 
2287	T6	0	6	2287	1	23	2288	Finish
2288	T5	1	5	2288	1	23	2289	 
2289	T3	0	10	2289	1	23	2290	 
2290	T6	0	6	2290	1	23	2291	Finish
2291	T5	1	5	2291	1	23	2292	 
2292	T6	0	6	2292	1	23	2293	Finish
2293	T3	0	10	2293	1	23	2294	 
2294	T5	1	5	2294	1	23	2295	 
2295	T6	0	6	2295	1	23	2296	Finish
2296	T6	0	6	2296	1	23	2297	Finish
2297	T5	1	5	2297	1	23	2298	 
2298	T3	0	10	2298	1	23	2299	 
2299	T6	0	6	2299	1	23	2300	Finish
2300	T5	1	5	2300	1	23	2301	 
2301	T6	0	6	2301	1	23	2302	Finish
2302	T5	1	5	2302	1	23	2303	 
2303	T3	0	10	2303	1	23	2304	 
2304	T6	0	6	2304	1	23	2305	Finish
2305	T5	1	5	2305	1	23	2306	 
2306	T6	0	6	2306	1	23	2307	Finish
2307	T3	0	10	2307	1	23	2308	 
2308	T6	0	6	2308	1	23	2309	Finish
2309	T5	1	5	2309	1	23	2310	 
2310	T6	0	6	2310	1	23	2311	Finish
2311	T5	1	5	2311	1	23	2312	 
2312	T3	0	10	2312	1	23	2313	 
2313	T6	0	6	2313	1	23	2314	Finish
2314	T5	1	5	2314	1	23	2315	 
2315	T6	0	6	2315	1	23	2316	Finish
2316	T5	1	5	2316	1	23	2317	 
2317	T3	0	10	2317	1	23	2318	 
2318	T6	0	6	2318	1	23	2319	Finish
2319	T6	0	6	2319	1	23	2320	Finish
2320	T5	1	5	2320	1	23	2321	 
2321	T3	0	10	2321	1	23	2322	 
2322	T6	0	6	2322	1	23	2323	Finish
2323	T5	1	5	2323	1	23	2324	 
2324	T6	0	6	2324	1	23	2325	Finish
2325	T5	1	5	2325	1	23	2326	 
2326	T3	0	10	2326	1	23	2327	 
2327	T6	0	6	2327	1	23	2328	Finish
2328	T5	1	5	2328	1	23	2329	 
2329	T6	0	6	2329	1	23	2330	Finish
2330	T3	0	10	2330	1	24	2331	 
2331	T1	0	10	2331	1	24	2332	 
2332	T5	1	5	2332	1	24	2333	Finish
2333	T6	0	6	2333	1	24	2334	Finish
2334	T5	1	5	2334	1	24	2335	Finish
2335	T6	0	6	2335	1	24	2336	Finish
2336	T3	0	10	2336	1	24	2337	 
2337	T1	0	10	2337	1	24	2338	 
2338	T5	1	5	2338	1	24	2339	Finish
2339	T6	0	6	2339	1	24	2340	Finish
2340	T5	1	5	2340	1	24	2341	Finish
2341	T6	0	6	2341	1	24	2342	Finish
2342	T3	0	10	2342	1	24	2343	 
2343	T1	0	10	2343	1	24	2344	 
2344	T6	0	6	2344	1	24	2345	Finish
2345	T5	1	5	2345	1	24	2346	Finish
2346	T6	0	6	2346	1	24	2347	Finish
2347	T3	0	10	2347	1	24	2348	 
2348	T1	0	10	2348	1	24	2349	 
2349	T5	1	5	2349	1	24	2350	Finish
2350	T6	0	6	2350	1	24	2351	Finish
2351	T5	1	5	2351	1	24	2352	Finish
2352	T6	0	6	2352	1	24	2353	Finish
2353	T3	0	10	2353	1	24	2354	 
2354	T1	0	10	2354	1	24	2355	 
2355	T5	1	5	2355	1	24	2356	Finish
2356	T6	0	6	2356	1	24	2357	Finish
2357	T6	0	6	2357	1	24	2358	Finish
2358	T5	1	5	2358	1	24	2359	Finish
2359	T3	0	10	2359	1	24	2360	 
2360	T1	0	10	2360	1	24	2361	 
2361	T6	0	6	2361	1	24	2362	Finish
2362	T5	1	5	2362	1	24	2363	Finish
2363	T6	0	6	2363	1	24	2364	Finish
2364	T3	0	10	2364	1	24	2365	 
2365	T1	0	10	2365	1	24	2366	 
2366	T5	1	5	2366	1	24	2367	Finish
2367	T6	0	6	2367	1	24	2368	Finish
2368	T5	1	5	2368	1	24	2369	Finish
2369	T6	0	6	2369	1	24	2370	Finish
2370	T3	0	10	2370	1	24	2371	 
2371	T1	0	10	2371	1	24	2372	 
2372	T6	0	6	2372	1	24	2373	Finish
2373	T5	1	5	2373	1	24	2374	Finish
2374	T6	0	6	2374	1	24	2375	Finish
2375	T5	1	5	2375	1	24	2376	Finish
2376	T3	0	10	2376	1	24	2377	 
2377	T1	0	10	2377	1	24	2378	 
2378	T6	0	6	2378	1	24	2379	Finish
2379	T5	1	5	2379	1	24	2380	Finish
2380	T6	0	6	2380	1	24	2381	Finish
2381	T3	0	10	2381	1	24	2382	 
2382	T1	0	10	2382	1	24	2383	 
2383	T5	1	5	2383	1	24	2384	Finish
2384	T6	0	6	2384	1	24	2385	Finish
2385	T6	0	6	2385	1	24	2386	Finish
2386	T5	1	5	2386	1	24	2387	Finish
2387	T3	0	10	2387	1	24	2388	 
2388	T1	0	10	2388	1	24	2389	 
2389	T6	0	6	2389	1	24	2390	Finish
2390	T5	1	5	2390	1	24	2391	Finish
2391	T6	0	6	2391	1	24	2392	Finish
2392	T5	1	5	2392	1	24	2393	Finish
2393	T3	0	10	2393	1	24	2394	 
2394	T1	0	10	2394	1	24	2395	 
2395	T6	0	6	2395	1	24	2396	Finish
2396	T5	1	5	2396	1	24	2397	Finish
2397	T6	0	6	2397	1	24	2398	Finish
2398	T3	0	10	2398	1	24	2399	 
2399	T1	0	10	2399	1	24	2400	 
2400	T6	0	6	2400	1	24	2401	Finish
2401	T5	1	5	2401	1	24	2402	Finish
2402	T6	0	6	2402	1	24	2403	Finish
2403	T5	1	5	2403	1	24	2404	Finish
2404	T3	0	10	2404	1	24	2405	 
2405	T1	0	10	2405	1	24	2406	 
2406	T6	0	6	2406	1	24	2407	Finish
2407	T5	1	5	2407	1	24	2408	Finish
2408	T6	0	6	2408	1	24	2409	Finish
2409	T5	1	5	2409	1	24	2410	Finish
2410	T3	0	10	2410	1	24	2411	 
2411	T1	0	10	2411	1	24	2412	 
2412	T6	0	6	2412	1	24	2413	Finish
2413	T6	0	6	2413	1	24	2414	Finish
2414	T5	1	5	2414	1	24	2415	Finish
2415	T3	0	10	2415	1	24	2416	 
2416	T1	0	10	2416	1	24	2417	 
2417	T6	0	6	2417	1	24	2418	Finish
2418	T5	1	5	2418	1	24	2419	Finish
2419	T6	0	6	2419	1	24	2420	Finish
2420	T5	1	5	2420	1	24	2421	Finish
2421	T6	0	6	2421	1	24	2422	Finish
2422	T3	0	10	2422	1	24	2423	 
2423	T1	0	10	2423	1	24	2424	 
2424	T5	1	5	2424	1	24	2425	Finish
2425	T6	0	6	2425	1	24	2426	Finish
2426	T6	0	6	2426	1	24	2427	Finish
2427	T5	1	5	2427	1	24	2428	Finish
2428	T3	0	10	2428	1	24	2429	 
2429	T1	0	10	2429	1	24	2430	 
2430	T6	0	6	2430	1	24	2431	Finish
2431	T5	1	5	2431	1	24	2432	Finish
2432	T6	0	6	2432	1	24	2433	Finish
2433	T3	0	10	2433	1	24	2434	 
2434	T1	0	10	2434	1	24	2435	 
2435	T5	1	5	2435	1	24	2436	Finish
2436	T6	0	6	2436	1	24	2437	Finish
2437	T5	1	5	2437	1	24	2438	Finish
2438	T6	0	6	2438	1	24	2439	Finish
2439	T3	0	10	2439	1	24	2440	 
2440	T1	0	10	2440	1	24	2441	 
2441	T6	0	6	2441	1	24	2442	Finish
2442	T5	1	5	2442	1	24	2443	Finish
2443	T6	0	6	2443	1	24	2444	Finish
2444	T3	0	10	2444	1	24	2445	 
2445	T1	0	10	2445	1	24	2446	 
2446	T5	1	5	2446	1	24	2447	Finish
2447	T6	0	6	2447	1	24	2448	Finish
2448	T5	1	5	2448	1	24	2449	Finish
2449	T6	0	6	2449	1	24	2450	Finish
2450	T3	0	10	2450	1	24	2451	 
2451	T1	0	10	2451	1	24	2452	 
2452	T5	1	5	2452	1	24	2453	Finish
2453	T6	0	6	2453	1	24	2454	Finish
2454	T6	0	6	2454	1	24	2455	Finish
2455	T5	1	5	2455	1	24	2456	Finish
2456	T3	0	10	2456	1	24	2457	 
2457	T1	0	10	2457	1	24	2458	 
2458	T6	0	6	2458	1	24	2459	Finish
2459	T5	1	5	2459	1	24	2460	Finish
2460	T6	0	6	2460	1	24	2461	Finish
2461	T3	0	10	2461	1	24	2462	 
2462	T1	0	10	2462	1	24	2463	 
2463	T5	1	5	2463	1	24	2464	Finish
2464	T6	0	6	2464	1	24	2465	Finish
2465	T5	1	5	2465	1	24	2466	Finish
2466	T6	0	6	2466	1	24	2467	Finish
2467	T3	0	10	2467	1	24	2468	 
2468	T1	0	10	2468	1	24	2469	 
2469	T6	0	6	2469	1	24	2470	Finish
2470	T5	1	5	2470	1	24	2471	Finish
2471	T6	0	6	2471	1	24	2472	Finish
2472	T5	1	5	2472	1	24	2473	Finish
2473	T3	0	10	2473	1	24	2474	 
2474	T1	0	10	2474	1	24	2475	 
2475	T6	0	6	2475	1	24	2476	Finish
2476	T5	1	5	2476	1	24	2477	Finish
2477	T6	0	6	2477	1	24	2478	Finish
2478	T3	0	10	2478	1	24	2479	 
2479	T1	0	10	2479	1	24	2480	 
2480	T5	1	5	2480	1	24	2481	Finish
2481	T6	0	6	2481	1	24	2482	Finish
2482	T6	0	6	2482	1	24	2483	Finish
2483	T5	1	5	2483	1	24	2484	Finish
2484	T3	0	10	2484	1	24	2485	 
2485	T1	0	10	2485	1	24	2486	 
2486	T6	0	6	2486	1	24	2487	Finish
2487	T5	1	5	2487	1	24	2488	Finish
2488	T6	0	6	2488	1	24	2489	Finish
2489	T5	1	5	2489	1	24	2490	Finish
2490	T3	0	10	2490	1	24	2491	 
2491	T1	0	10	2491	1	24	2492	 
2492	T6	0	6	2492	1	24	2493	Finish
2493	T5	1	5	2493	1	24	2494	Finish
2494	T6	0	6	2494	1	24	2495	Finish
2495	T3	0	10	2495	1	24	2496	 
2496	T1	0	10	2496	1	24	2497	 
2497	T6	0	6	2497	1	24	2498	Finish
2498	T5	1	5	2498	1	24	2499	Finish
2499	T6	0	6	2499	1	24	2500	Finish
2500	T5	1	5	2500	1	24	2501	Finish
2501	T3	0	10	2501	1	24	2502	 
2502	T1	0	10	2502	1	24	2503	 
2503	T6	0	6	2503	1	24	2504	Finish
2504	T5	1	5	2504	1	24	2505	Finish
2505	T6	0	6	2505	1	24	2506	Finish
2506	T5	1	5	2506	1	24	2507	Finish
2507	T3	0	10	2507	1	24	2508	 
2508	T1	0	10	2508	1	24	2509	 
2509	T6	0	6	2509	1	24	2510	Finish
2510	T6	0	6	2510	1	24	2511	Finish
2511	T5	1	5	2511	1	24	2512	Finish
2512	T6	0	6	2512	1	24	2513	Finish
2513	T3	0	10	2513	1	24	2514	 
2514	T1	0	10	2514	1	24	2515	 
2515	T5	1	5	2515	1	24	2516	Finish
2516	T6	0	6	2516	1	24	2517	Finish
2517	T5	1	5	2517	1	24	2518	Finish
2518	T6	0	6	2518	1	24	2519	Finish
2519	T3	0	10	2519	1	24	2520	 
2520	T1	0	10	2520	1	24	2521	 
2521	T5	1	5	2521	1	24	2522	Finish
2522	T6	0	6	2522	1	24	2523	Finish
2523	T6	0	6	2523	1	24	2524	Finish
2524	T5	1	5	2524	1	24	2525	Finish
2525	T3	0	10	2525	1	24	2526	 
2526	T1	0	10	2526	1	24	2527	 
2527	T6	0	6	2527	1	24	2528	Finish
2528	T5	1	5	2528	1	24	2529	Finish
2529	T6	0	6	2529	1	24	2530	Finish
2530	T3	0	10	2530	1	24	2531	 
2531	T1	0	10	2531	1	24	2532	 
2532	T5	1	5	2532	1	24	2533	Finish
2533	T6	0	6	2533	1	24	2534	Finish
2534	T5	1	5	2534	1	24	2535	Finish
2535	T6	0	6	2535	1	24	2536	Finish
2536	T3	0	10	2536	1	24	2537	 
2537	T1	0	10	2537	1	24	2538	 
2538	T6	0	6	2538	1	24	2539	Finish
2539	T5	1	5	2539	1	24	2540	Finish
2540	T6	0	6	2540	1	24	2541	Finish
2541	T5	1	5	2541	1	24	2542	Finish
2542	T3	0	10	2542	1	24	2543	 
2543	T1	0	10	2543	1	24	2544	 
2544	T6	0	6	2544	1	24	2545	Finish
2545	T5	1	5	2545	1	24	2546	Finish
2546	T6	0	6	2546	1	24	2547	Finish
2547	T3	0	10	2547	1	24	2548	 
2548	T1	0	10	2548	1	24	2549	 
2549	T5	1	5	2549	1	24	2550	Finish
2550	T6	0	6	2550	1	24	2551	Finish
2551	T6	0	6	2551	1	24	2552	Finish
2552	T5	1	5	2552	1	24	2553	Finish
2553	T3	0	10	2553	1	24	2554	 
2554	T1	0	10	2554	1	24	2555	 
2555	T6	0	6	2555	1	24	2556	Finish
2556	T5	1	5	2556	1	24	2557	Finish
2557	T6	0	6	2557	1	24	2558	Finish
2558	T3	0	10	2558	1	24	2559	 
2559	T1	0	10	2559	1	24	2560	 
2560	T5	1	5	2560	1	24	2561	Finish
2561	T6	0	6	2561	1	24	2562	Finish
2562	T5	1	5	2562	1	24	2563	Finish
2563	T6	0	6	2563	1	24	2564	Finish
2564	T3	0	10	2564	1	24	2565	 
2565	T1	0	10	2565	1	24	2566	 
2566	T6	0	6	2566	1	24	2567	Finish
2567	T5	1	5	2567	1	24	2568	Finish
2568	T6	0	6	2568	1	24	2569	Finish
2569	T5	1	5	2569	1	24	2570	Finish
2570	T3	0	10	2570	1	24	2571	 
2571	T1	0	10	2571	1	24	2572	 
2572	T6	0	6	2572	1	24	2573	Finish
2573	T5	1	5	2573	1	24	2574	Finish
2574	T6	0	6	2574	1	24	2575	Finish
2575	T3	0	10	2575	1	24	2576	 
2576	T1	0	10	2576	1	24	2577	 
2577	T5	1	5	2577	1	24	2578	Finish
2578	T6	0	6	2578	1	24	2579	Finish
2579	T6	0	6	2579	1	24	2580	Finish
2580	T5	1	5	2580	1	24	2581	Finish
2581	T3	0	10	2581	1	24	2582	 
2582	T1	0	10	2582	1	24	2583	 
2583	T6	0	6	2583	1	24	2584	Finish
2584	T5	1	5	2584	1	24	2585	Finish
2585	T6	0	6	2585	1	24	2586	Finish
2586	T5	1	5	2586	1	24	2587	Finish
2587	T3	0	10	2587	1	24	2588	 
2588	T1	0	10	2588	1	24	2589	 
2589	T6	0	6	2589	1	24	2590	Finish
2590	T5	1	5	2590	1	24	2591	Finish
2591	T6	0	6	2591	1	24	2592	Finish
2592	T3	0	10	2592	1	24	2593	 
2593	T1	0	10	2593	1	24	2594	 
2594	T6	0	6	2594	1	24	2595	Finish
2595	T5	1	5	2595	1	24	2596	Finish
2596	T6	0	6	2596	1	24	2597	Finish
2597	T5	1	5	2597	1	24	2598	Finish
2598	T3	0	10	2598	1	24	2599	 
2599	T1	0	10	2599	1	24	2600	 
2600	T6	0	6	2600	1	24	2601	Finish
2601	T5	1	5	2601	1	24	2602	Finish
2602	T6	0	6	2602	1	24	2603	Finish
2603	T5	1	5	2603	1	24	2604	Finish
2604	T6	0	6	2604	1	24	2605	Finish
2605	T3	0	10	2605	1	24	2606	 
2606	T1	0	10	2606	1	24	2607	 
2607	T6	0	6	2607	1	24	2608	Finish
2608	T5	1	5	2608	1	24	2609	Finish
2609	T6	0	6	2609	1	24	2610	Finish
2610	T3	0	10	2610	1	24	2611	 
2611	T1	0	10	2611	1	24	2612	 
2612	T5	1	5	2612	1	24	2613	Finish
2613	T6	0	6	2613	1	24	2614	Finish
2614	T5	1	5	2614	1	24	2615	Finish
2615	T6	0	6	2615	1	24	2616	Finish
2616	T3	0	10	2616	1	24	2617	 
2617	T1	0	10	2617	1	24	2618	 
2618	T5	1	5	2618	1	24	2619	Finish
2619	T6	0	6	2619	1	24	2620	Finish
2620	T6	0	6	2620	1	24	2621	Finish
2621	T5	1	5	2621	1	24	2622	Finish
2622	T3	0	10	2622	1	24	2623	 
2623	T1	0	10	2623	1	24	2624	 
2624	T6	0	6	2624	1	24	2625	Finish
2625	T5	1	5	2625	1	24	2626	Finish
2626	T6	0	6	2626	1	24	2627	Finish
2627	T3	0	10	2627	1	24	2628	 
2628	T1	0	10	2628	1	24	2629	 
2629	T5	1	5	2629	1	24	2630	Finish
2630	T6	0	6	2630	1	24	2631	Finish
2631	T5	1	5	2631	1	24	2632	Finish
2632	T6	0	6	2632	1	24	2633	Finish
2633	T3	0	10	2633	1	24	2634	 
2634	T1	0	10	2634	1	24	2635	 
2635	T6	0	6	2635	1	24	2636	Finish
2636	T5	1	5	2636	1	24	2637	Finish
2637	T6	0	6	2637	1	24	2638	Finish
2638	T5	1	5	2638	1	24	2639	Finish
2639	T3	0	10	2639	1	24	2640	 
