Content-type:text/html

RunTime	Name	Arrival	BT	Start	USE	PRI	END	STATUS 
0	T2	0	3	0	1	3	1	 
1	T2	0	3	1	1	3	2	 
2	T2	0	3	2	1	3	3	Finish
3	T6	0	6	3	1	6	4	 
4	T6	0	6	4	1	6	5	 
5	T6	0	6	5	1	6	6	 
6	T6	0	6	6	1	6	7	 
7	T6	0	6	7	1	6	8	 
8	T6	0	6	8	1	6	9	Finish
9	T5	1	5	9	1	6	10	 
10	T5	1	5	10	1	6	11	 
11	T5	1	5	11	1	6	12	 
12	T5	1	5	12	1	6	13	 
13	T5	1	5	13	1	6	14	Finish
14	T1	0	10	14	1	10	15	 
15	T1	0	10	15	1	10	16	 
16	T1	0	10	16	1	10	17	 
17	T1	0	10	17	1	10	18	 
18	T1	0	10	18	1	10	19	 
19	T1	0	10	19	1	10	20	 
20	T1	0	10	20	1	10	21	 
21	T1	0	10	21	1	10	22	 
22	T1	0	10	22	1	10	23	 
23	T1	0	10	23	1	10	24	Finish
24	T3	0	10	24	1	10	25	 
25	T3	0	10	25	1	10	26	 
26	T3	0	10	26	1	10	27	 
27	T3	0	10	27	1	10	28	 
28	T3	0	10	28	1	10	29	 
29	T3	0	10	29	1	10	30	 
30	T3	0	10	30	1	10	31	 
31	T3	0	10	31	1	10	32	 
32	T3	0	10	32	1	10	33	 
33	T3	0	10	33	1	10	34	Finish
34	T4	1	10	34	1	11	35	 
35	T4	1	10	35	1	11	36	 
36	T4	1	10	36	1	11	37	 
37	T4	1	10	37	1	11	38	 
38	T4	1	10	38	1	11	39	 
39	T4	1	10	39	1	11	40	 
40	T4	1	10	40	1	11	41	 
41	T4	1	10	41	1	11	42	 
42	T4	1	10	42	1	11	43	 
43	T4	1	10	43	1	11	44	Finish
44	T6	0	6	44	1	22	45	 
45	T6	0	6	45	1	22	46	 
46	T6	0	6	46	1	22	47	 
47	T6	0	6	47	1	22	48	 
48	T6	0	6	48	1	22	49	 
49	T6	0	6	49	1	22	50	Finish
50	T6	0	6	50	1	22	51	Finish
51	T6	0	6	51	1	22	52	Finish
52	T6	0	6	52	1	22	53	Finish
53	T6	0	6	53	1	22	54	Finish
54	T6	0	6	54	1	22	55	Finish
55	T6	0	6	55	1	22	56	Finish
56	T6	0	6	56	1	22	57	Finish
57	T6	0	6	57	1	22	58	Finish
58	T6	0	6	58	1	22	59	Finish
59	T6	0	6	59	1	22	60	Finish
60	T6	0	6	60	1	22	61	Finish
61	T6	0	6	61	1	22	62	Finish
62	T6	0	6	62	1	22	63	Finish
63	T6	0	6	63	1	22	64	Finish
64	T6	0	6	64	1	22	65	Finish
65	T6	0	6	65	1	22	66	Finish
66	T5	1	5	66	1	26	67	 
67	T5	1	5	67	1	26	68	 
68	T5	1	5	68	1	26	69	 
69	T5	1	5	69	1	26	70	 
70	T5	1	5	70	1	26	71	Finish
71	T5	1	5	71	1	26	72	Finish
72	T5	1	5	72	1	26	73	Finish
73	T5	1	5	73	1	26	74	Finish
74	T5	1	5	74	1	26	75	Finish
75	T5	1	5	75	1	26	76	Finish
76	T5	1	5	76	1	26	77	Finish
77	T5	1	5	77	1	26	78	Finish
78	T5	1	5	78	1	26	79	Finish
79	T5	1	5	79	1	26	80	Finish
80	T5	1	5	80	1	26	81	Finish
81	T5	1	5	81	1	26	82	Finish
82	T5	1	5	82	1	26	83	Finish
83	T5	1	5	83	1	26	84	Finish
84	T5	1	5	84	1	26	85	Finish
85	T5	1	5	85	1	26	86	Finish
86	T5	1	5	86	1	26	87	Finish
87	T5	1	5	87	1	26	88	Finish
88	T5	1	5	88	1	26	89	Finish
89	T5	1	5	89	1	26	90	Finish
90	T5	1	5	90	1	26	91	Finish
91	T2	0	3	91	1	36	92	 
92	T2	0	3	92	1	36	93	 
93	T2	0	3	93	1	36	94	Finish
94	T2	0	3	94	1	36	95	Finish
95	T2	0	3	95	1	36	96	Finish
96	T2	0	3	96	1	36	97	Finish
97	T2	0	3	97	1	36	98	Finish
98	T2	0	3	98	1	36	99	Finish
99	T2	0	3	99	1	36	100	Finish
100	T2	0	3	100	1	36	101	Finish
101	T2	0	3	101	1	36	102	Finish
102	T2	0	3	102	1	36	103	Finish
103	T2	0	3	103	1	36	104	Finish
104	T2	0	3	104	1	36	105	Finish
105	T2	0	3	105	1	36	106	Finish
106	T2	0	3	106	1	36	107	Finish
107	T2	0	3	107	1	36	108	Finish
108	T2	0	3	108	1	36	109	Finish
109	T2	0	3	109	1	36	110	Finish
110	T2	0	3	110	1	36	111	Finish
111	T2	0	3	111	1	36	112	Finish
112	T2	0	3	112	1	36	113	Finish
113	T2	0	3	113	1	36	114	Finish
114	T2	0	3	114	1	36	115	Finish
115	T2	0	3	115	1	36	116	Finish
116	T2	0	3	116	1	36	117	Finish
117	T2	0	3	117	1	36	118	Finish
118	T2	0	3	118	1	36	119	Finish
119	T2	0	3	119	1	36	120	Finish
120	T2	0	3	120	1	36	121	Finish
121	T2	0	3	121	1	36	122	Finish
122	T2	0	3	122	1	36	123	Finish
123	T2	0	3	123	1	36	124	Finish
124	T2	0	3	124	1	36	125	Finish
125	T2	0	3	125	1	36	126	Finish
126	T2	0	3	126	1	36	127	Finish
127	T6	0	6	127	1	38	128	 
128	T6	0	6	128	1	38	129	 
129	T6	0	6	129	1	38	130	 
130	T6	0	6	130	1	38	131	 
131	T6	0	6	131	1	38	132	 
132	T6	0	6	132	1	38	133	Finish
133	T6	0	6	133	1	38	134	Finish
134	T6	0	6	134	1	38	135	Finish
135	T6	0	6	135	1	38	136	Finish
136	T6	0	6	136	1	38	137	Finish
137	T6	0	6	137	1	38	138	Finish
138	T6	0	6	138	1	38	139	Finish
139	T6	0	6	139	1	38	140	Finish
140	T6	0	6	140	1	38	141	Finish
141	T6	0	6	141	1	38	142	Finish
142	T6	0	6	142	1	38	143	Finish
143	T6	0	6	143	1	38	144	Finish
144	T6	0	6	144	1	38	145	Finish
145	T6	0	6	145	1	38	146	Finish
146	T6	0	6	146	1	38	147	Finish
147	T6	0	6	147	1	38	148	Finish
148	T6	0	6	148	1	38	149	Finish
149	T6	0	6	149	1	38	150	Finish
150	T6	0	6	150	1	38	151	Finish
151	T6	0	6	151	1	38	152	Finish
152	T6	0	6	152	1	38	153	Finish
153	T6	0	6	153	1	38	154	Finish
154	T6	0	6	154	1	38	155	Finish
155	T6	0	6	155	1	38	156	Finish
156	T6	0	6	156	1	38	157	Finish
157	T6	0	6	157	1	38	158	Finish
158	T6	0	6	158	1	38	159	Finish
159	T6	0	6	159	1	38	160	Finish
160	T6	0	6	160	1	38	161	Finish
161	T6	0	6	161	1	38	162	Finish
162	T6	0	6	162	1	38	163	Finish
163	T6	0	6	163	1	38	164	Finish
164	T6	0	6	164	1	38	165	Finish
165	T4	1	10	165	1	41	166	 
166	T4	1	10	166	1	41	167	 
167	T4	1	10	167	1	41	168	 
168	T4	1	10	168	1	41	169	 
169	T4	1	10	169	1	41	170	 
170	T4	1	10	170	1	41	171	 
171	T4	1	10	171	1	41	172	 
172	T4	1	10	172	1	41	173	 
173	T4	1	10	173	1	41	174	 
174	T4	1	10	174	1	41	175	Finish
175	T4	1	10	175	1	41	176	Finish
176	T4	1	10	176	1	41	177	Finish
177	T4	1	10	177	1	41	178	Finish
178	T4	1	10	178	1	41	179	Finish
179	T4	1	10	179	1	41	180	Finish
180	T4	1	10	180	1	41	181	Finish
181	T4	1	10	181	1	41	182	Finish
182	T4	1	10	182	1	41	183	Finish
183	T4	1	10	183	1	41	184	Finish
184	T4	1	10	184	1	41	185	Finish
185	T4	1	10	185	1	41	186	Finish
186	T4	1	10	186	1	41	187	Finish
187	T4	1	10	187	1	41	188	Finish
188	T4	1	10	188	1	41	189	Finish
189	T4	1	10	189	1	41	190	Finish
190	T4	1	10	190	1	41	191	Finish
191	T4	1	10	191	1	41	192	Finish
192	T4	1	10	192	1	41	193	Finish
193	T4	1	10	193	1	41	194	Finish
194	T4	1	10	194	1	41	195	Finish
195	T4	1	10	195	1	41	196	Finish
196	T4	1	10	196	1	41	197	Finish
197	T4	1	10	197	1	41	198	Finish
198	T4	1	10	198	1	41	199	Finish
199	T4	1	10	199	1	41	200	Finish
200	T4	1	10	200	1	41	201	Finish
201	T4	1	10	201	1	41	202	Finish
202	T4	1	10	202	1	41	203	Finish
203	T4	1	10	203	1	41	204	Finish
204	T4	1	10	204	1	41	205	Finish
205	T1	0	10	205	1	43	206	 
206	T1	0	10	206	1	43	207	 
207	T1	0	10	207	1	43	208	 
208	T1	0	10	208	1	43	209	 
209	T1	0	10	209	1	43	210	 
210	T1	0	10	210	1	43	211	 
211	T1	0	10	211	1	43	212	 
212	T1	0	10	212	1	43	213	 
213	T1	0	10	213	1	43	214	 
214	T1	0	10	214	1	43	215	Finish
215	T1	0	10	215	1	43	216	Finish
216	T1	0	10	216	1	43	217	Finish
217	T1	0	10	217	1	43	218	Finish
218	T1	0	10	218	1	43	219	Finish
219	T1	0	10	219	1	43	220	Finish
220	T1	0	10	220	1	43	221	Finish
221	T1	0	10	221	1	43	222	Finish
222	T1	0	10	222	1	43	223	Finish
223	T1	0	10	223	1	43	224	Finish
224	T1	0	10	224	1	43	225	Finish
225	T1	0	10	225	1	43	226	Finish
226	T1	0	10	226	1	43	227	Finish
227	T1	0	10	227	1	43	228	Finish
228	T1	0	10	228	1	43	229	Finish
229	T1	0	10	229	1	43	230	Finish
230	T1	0	10	230	1	43	231	Finish
231	T1	0	10	231	1	43	232	Finish
232	T1	0	10	232	1	43	233	Finish
233	T1	0	10	233	1	43	234	Finish
234	T1	0	10	234	1	43	235	Finish
235	T1	0	10	235	1	43	236	Finish
236	T1	0	10	236	1	43	237	Finish
237	T1	0	10	237	1	43	238	Finish
238	T1	0	10	238	1	43	239	Finish
239	T1	0	10	239	1	43	240	Finish
240	T1	0	10	240	1	43	241	Finish
241	T1	0	10	241	1	43	242	Finish
242	T1	0	10	242	1	43	243	Finish
243	T1	0	10	243	1	43	244	Finish
244	T1	0	10	244	1	43	245	Finish
245	T1	0	10	245	1	43	246	Finish
246	T1	0	10	246	1	43	247	Finish
247	T1	0	10	247	1	43	248	Finish
248	T3	0	10	248	1	43	249	 
249	T3	0	10	249	1	43	250	 
250	T3	0	10	250	1	43	251	 
251	T3	0	10	251	1	43	252	 
252	T3	0	10	252	1	43	253	 
253	T3	0	10	253	1	43	254	 
254	T3	0	10	254	1	43	255	 
255	T3	0	10	255	1	43	256	 
256	T3	0	10	256	1	43	257	 
257	T3	0	10	257	1	43	258	Finish
258	T3	0	10	258	1	43	259	Finish
259	T3	0	10	259	1	43	260	Finish
260	T3	0	10	260	1	43	261	Finish
261	T3	0	10	261	1	43	262	Finish
262	T3	0	10	262	1	43	263	Finish
263	T3	0	10	263	1	43	264	Finish
264	T3	0	10	264	1	43	265	Finish
265	T3	0	10	265	1	43	266	Finish
266	T3	0	10	266	1	43	267	Finish
267	T3	0	10	267	1	43	268	Finish
268	T3	0	10	268	1	43	269	Finish
269	T3	0	10	269	1	43	270	Finish
270	T3	0	10	270	1	43	271	Finish
271	T3	0	10	271	1	43	272	Finish
272	T3	0	10	272	1	43	273	Finish
273	T3	0	10	273	1	43	274	Finish
274	T3	0	10	274	1	43	275	Finish
275	T3	0	10	275	1	43	276	Finish
276	T3	0	10	276	1	43	277	Finish
277	T3	0	10	277	1	43	278	Finish
278	T3	0	10	278	1	43	279	Finish
279	T3	0	10	279	1	43	280	Finish
280	T3	0	10	280	1	43	281	Finish
281	T3	0	10	281	1	43	282	Finish
282	T3	0	10	282	1	43	283	Finish
283	T3	0	10	283	1	43	284	Finish
284	T3	0	10	284	1	43	285	Finish
285	T3	0	10	285	1	43	286	Finish
286	T3	0	10	286	1	43	287	Finish
287	T3	0	10	287	1	43	288	Finish
288	T3	0	10	288	1	43	289	Finish
289	T3	0	10	289	1	43	290	Finish
290	T3	0	10	290	1	43	291	Finish
291	T5	1	5	291	1	46	292	 
292	T5	1	5	292	1	46	293	 
293	T5	1	5	293	1	46	294	 
294	T5	1	5	294	1	46	295	 
295	T5	1	5	295	1	46	296	Finish
296	T5	1	5	296	1	46	297	Finish
297	T5	1	5	297	1	46	298	Finish
298	T5	1	5	298	1	46	299	Finish
299	T5	1	5	299	1	46	300	Finish
300	T5	1	5	300	1	46	301	Finish
301	T5	1	5	301	1	46	302	Finish
302	T5	1	5	302	1	46	303	Finish
303	T5	1	5	303	1	46	304	Finish
304	T5	1	5	304	1	46	305	Finish
305	T5	1	5	305	1	46	306	Finish
306	T5	1	5	306	1	46	307	Finish
307	T5	1	5	307	1	46	308	Finish
308	T5	1	5	308	1	46	309	Finish
309	T5	1	5	309	1	46	310	Finish
310	T5	1	5	310	1	46	311	Finish
311	T5	1	5	311	1	46	312	Finish
312	T5	1	5	312	1	46	313	Finish
313	T5	1	5	313	1	46	314	Finish
314	T5	1	5	314	1	46	315	Finish
315	T5	1	5	315	1	46	316	Finish
316	T5	1	5	316	1	46	317	Finish
317	T5	1	5	317	1	46	318	Finish
318	T5	1	5	318	1	46	319	Finish
319	T5	1	5	319	1	46	320	Finish
320	T5	1	5	320	1	46	321	Finish
321	T5	1	5	321	1	46	322	Finish
322	T5	1	5	322	1	46	323	Finish
323	T5	1	5	323	1	46	324	Finish
324	T5	1	5	324	1	46	325	Finish
325	T5	1	5	325	1	46	326	Finish
326	T5	1	5	326	1	46	327	Finish
327	T5	1	5	327	1	46	328	Finish
328	T5	1	5	328	1	46	329	Finish
329	T5	1	5	329	1	46	330	Finish
330	T5	1	5	330	1	46	331	Finish
331	T5	1	5	331	1	46	332	Finish
332	T5	1	5	332	1	46	333	Finish
333	T5	1	5	333	1	46	334	Finish
334	T5	1	5	334	1	46	335	Finish
335	T5	1	5	335	1	46	336	Finish
336	T6	0	6	336	1	54	337	 
337	T6	0	6	337	1	54	338	 
338	T6	0	6	338	1	54	339	 
339	T6	0	6	339	1	54	340	 
340	T6	0	6	340	1	54	341	 
341	T6	0	6	341	1	54	342	Finish
342	T6	0	6	342	1	54	343	Finish
343	T6	0	6	343	1	54	344	Finish
344	T6	0	6	344	1	54	345	Finish
345	T6	0	6	345	1	54	346	Finish
346	T6	0	6	346	1	54	347	Finish
347	T6	0	6	347	1	54	348	Finish
348	T6	0	6	348	1	54	349	Finish
349	T6	0	6	349	1	54	350	Finish
350	T6	0	6	350	1	54	351	Finish
351	T6	0	6	351	1	54	352	Finish
352	T6	0	6	352	1	54	353	Finish
353	T6	0	6	353	1	54	354	Finish
354	T6	0	6	354	1	54	355	Finish
355	T6	0	6	355	1	54	356	Finish
356	T6	0	6	356	1	54	357	Finish
357	T6	0	6	357	1	54	358	Finish
358	T6	0	6	358	1	54	359	Finish
359	T6	0	6	359	1	54	360	Finish
360	T6	0	6	360	1	54	361	Finish
361	T6	0	6	361	1	54	362	Finish
362	T6	0	6	362	1	54	363	Finish
363	T6	0	6	363	1	54	364	Finish
364	T6	0	6	364	1	54	365	Finish
365	T6	0	6	365	1	54	366	Finish
366	T6	0	6	366	1	54	367	Finish
367	T6	0	6	367	1	54	368	Finish
368	T6	0	6	368	1	54	369	Finish
369	T6	0	6	369	1	54	370	Finish
370	T6	0	6	370	1	54	371	Finish
371	T6	0	6	371	1	54	372	Finish
372	T6	0	6	372	1	54	373	Finish
373	T6	0	6	373	1	54	374	Finish
374	T6	0	6	374	1	54	375	Finish
375	T6	0	6	375	1	54	376	Finish
376	T6	0	6	376	1	54	377	Finish
377	T6	0	6	377	1	54	378	Finish
378	T6	0	6	378	1	54	379	Finish
379	T6	0	6	379	1	54	380	Finish
380	T6	0	6	380	1	54	381	Finish
381	T6	0	6	381	1	54	382	Finish
382	T6	0	6	382	1	54	383	Finish
383	T6	0	6	383	1	54	384	Finish
384	T6	0	6	384	1	54	385	Finish
385	T6	0	6	385	1	54	386	Finish
386	T6	0	6	386	1	54	387	Finish
387	T6	0	6	387	1	54	388	Finish
388	T6	0	6	388	1	54	389	Finish
389	T6	0	6	389	1	54	390	Finish
390	T5	1	5	390	1	66	391	 
391	T5	1	5	391	1	66	392	 
392	T5	1	5	392	1	66	393	 
393	T5	1	5	393	1	66	394	 
394	T5	1	5	394	1	66	395	Finish
395	T5	1	5	395	1	66	396	Finish
396	T5	1	5	396	1	66	397	Finish
397	T5	1	5	397	1	66	398	Finish
398	T5	1	5	398	1	66	399	Finish
399	T5	1	5	399	1	66	400	Finish
400	T5	1	5	400	1	66	401	Finish
401	T5	1	5	401	1	66	402	Finish
402	T5	1	5	402	1	66	403	Finish
403	T5	1	5	403	1	66	404	Finish
404	T5	1	5	404	1	66	405	Finish
405	T5	1	5	405	1	66	406	Finish
406	T5	1	5	406	1	66	407	Finish
407	T5	1	5	407	1	66	408	Finish
408	T5	1	5	408	1	66	409	Finish
409	T5	1	5	409	1	66	410	Finish
410	T5	1	5	410	1	66	411	Finish
411	T5	1	5	411	1	66	412	Finish
412	T5	1	5	412	1	66	413	Finish
413	T5	1	5	413	1	66	414	Finish
414	T5	1	5	414	1	66	415	Finish
415	T5	1	5	415	1	66	416	Finish
416	T5	1	5	416	1	66	417	Finish
417	T5	1	5	417	1	66	418	Finish
418	T5	1	5	418	1	66	419	Finish
419	T5	1	5	419	1	66	420	Finish
420	T5	1	5	420	1	66	421	Finish
421	T5	1	5	421	1	66	422	Finish
422	T5	1	5	422	1	66	423	Finish
423	T5	1	5	423	1	66	424	Finish
424	T5	1	5	424	1	66	425	Finish
425	T5	1	5	425	1	66	426	Finish
426	T5	1	5	426	1	66	427	Finish
427	T5	1	5	427	1	66	428	Finish
428	T5	1	5	428	1	66	429	Finish
429	T5	1	5	429	1	66	430	Finish
430	T5	1	5	430	1	66	431	Finish
431	T5	1	5	431	1	66	432	Finish
432	T5	1	5	432	1	66	433	Finish
433	T5	1	5	433	1	66	434	Finish
434	T5	1	5	434	1	66	435	Finish
435	T5	1	5	435	1	66	436	Finish
436	T5	1	5	436	1	66	437	Finish
437	T5	1	5	437	1	66	438	Finish
438	T5	1	5	438	1	66	439	Finish
439	T5	1	5	439	1	66	440	Finish
440	T5	1	5	440	1	66	441	Finish
441	T5	1	5	441	1	66	442	Finish
442	T5	1	5	442	1	66	443	Finish
443	T5	1	5	443	1	66	444	Finish
444	T5	1	5	444	1	66	445	Finish
445	T5	1	5	445	1	66	446	Finish
446	T5	1	5	446	1	66	447	Finish
447	T5	1	5	447	1	66	448	Finish
448	T5	1	5	448	1	66	449	Finish
449	T5	1	5	449	1	66	450	Finish
450	T5	1	5	450	1	66	451	Finish
451	T5	1	5	451	1	66	452	Finish
452	T5	1	5	452	1	66	453	Finish
453	T5	1	5	453	1	66	454	Finish
454	T5	1	5	454	1	66	455	Finish
455	T2	0	3	455	1	69	456	 
456	T2	0	3	456	1	69	457	 
457	T2	0	3	457	1	69	458	Finish
458	T2	0	3	458	1	69	459	Finish
459	T2	0	3	459	1	69	460	Finish
460	T2	0	3	460	1	69	461	Finish
461	T2	0	3	461	1	69	462	Finish
462	T2	0	3	462	1	69	463	Finish
463	T2	0	3	463	1	69	464	Finish
464	T2	0	3	464	1	69	465	Finish
465	T2	0	3	465	1	69	466	Finish
466	T2	0	3	466	1	69	467	Finish
467	T2	0	3	467	1	69	468	Finish
468	T2	0	3	468	1	69	469	Finish
469	T2	0	3	469	1	69	470	Finish
470	T2	0	3	470	1	69	471	Finish
471	T2	0	3	471	1	69	472	Finish
472	T2	0	3	472	1	69	473	Finish
473	T2	0	3	473	1	69	474	Finish
474	T2	0	3	474	1	69	475	Finish
475	T2	0	3	475	1	69	476	Finish
476	T2	0	3	476	1	69	477	Finish
477	T2	0	3	477	1	69	478	Finish
478	T2	0	3	478	1	69	479	Finish
479	T2	0	3	479	1	69	480	Finish
480	T2	0	3	480	1	69	481	Finish
481	T2	0	3	481	1	69	482	Finish
482	T2	0	3	482	1	69	483	Finish
483	T2	0	3	483	1	69	484	Finish
484	T2	0	3	484	1	69	485	Finish
485	T2	0	3	485	1	69	486	Finish
486	T2	0	3	486	1	69	487	Finish
487	T2	0	3	487	1	69	488	Finish
488	T2	0	3	488	1	69	489	Finish
489	T2	0	3	489	1	69	490	Finish
490	T2	0	3	490	1	69	491	Finish
491	T2	0	3	491	1	69	492	Finish
492	T2	0	3	492	1	69	493	Finish
493	T2	0	3	493	1	69	494	Finish
494	T2	0	3	494	1	69	495	Finish
495	T2	0	3	495	1	69	496	Finish
496	T2	0	3	496	1	69	497	Finish
497	T2	0	3	497	1	69	498	Finish
498	T2	0	3	498	1	69	499	Finish
499	T2	0	3	499	1	69	500	Finish
500	T2	0	3	500	1	69	501	Finish
501	T2	0	3	501	1	69	502	Finish
502	T2	0	3	502	1	69	503	Finish
503	T2	0	3	503	1	69	504	Finish
504	T2	0	3	504	1	69	505	Finish
505	T2	0	3	505	1	69	506	Finish
506	T2	0	3	506	1	69	507	Finish
507	T2	0	3	507	1	69	508	Finish
508	T2	0	3	508	1	69	509	Finish
509	T2	0	3	509	1	69	510	Finish
510	T2	0	3	510	1	69	511	Finish
511	T2	0	3	511	1	69	512	Finish
512	T2	0	3	512	1	69	513	Finish
513	T2	0	3	513	1	69	514	Finish
514	T2	0	3	514	1	69	515	Finish
515	T2	0	3	515	1	69	516	Finish
516	T2	0	3	516	1	69	517	Finish
517	T2	0	3	517	1	69	518	Finish
518	T2	0	3	518	1	69	519	Finish
519	T2	0	3	519	1	69	520	Finish
520	T2	0	3	520	1	69	521	Finish
521	T2	0	3	521	1	69	522	Finish
522	T2	0	3	522	1	69	523	Finish
523	T2	0	3	523	1	69	524	Finish
524	T6	0	6	524	1	70	525	 
525	T6	0	6	525	1	70	526	 
526	T6	0	6	526	1	70	527	 
527	T6	0	6	527	1	70	528	 
528	T6	0	6	528	1	70	529	 
529	T6	0	6	529	1	70	530	Finish
530	T6	0	6	530	1	70	531	Finish
531	T6	0	6	531	1	70	532	Finish
532	T6	0	6	532	1	70	533	Finish
533	T6	0	6	533	1	70	534	Finish
534	T6	0	6	534	1	70	535	Finish
535	T6	0	6	535	1	70	536	Finish
536	T6	0	6	536	1	70	537	Finish
537	T6	0	6	537	1	70	538	Finish
538	T6	0	6	538	1	70	539	Finish
539	T6	0	6	539	1	70	540	Finish
540	T6	0	6	540	1	70	541	Finish
541	T6	0	6	541	1	70	542	Finish
542	T6	0	6	542	1	70	543	Finish
543	T6	0	6	543	1	70	544	Finish
544	T6	0	6	544	1	70	545	Finish
545	T6	0	6	545	1	70	546	Finish
546	T6	0	6	546	1	70	547	Finish
547	T6	0	6	547	1	70	548	Finish
548	T6	0	6	548	1	70	549	Finish
549	T6	0	6	549	1	70	550	Finish
550	T6	0	6	550	1	70	551	Finish
551	T6	0	6	551	1	70	552	Finish
552	T6	0	6	552	1	70	553	Finish
553	T6	0	6	553	1	70	554	Finish
554	T6	0	6	554	1	70	555	Finish
555	T6	0	6	555	1	70	556	Finish
556	T6	0	6	556	1	70	557	Finish
557	T6	0	6	557	1	70	558	Finish
558	T6	0	6	558	1	70	559	Finish
559	T6	0	6	559	1	70	560	Finish
560	T6	0	6	560	1	70	561	Finish
561	T6	0	6	561	1	70	562	Finish
562	T6	0	6	562	1	70	563	Finish
563	T6	0	6	563	1	70	564	Finish
564	T6	0	6	564	1	70	565	Finish
565	T6	0	6	565	1	70	566	Finish
566	T6	0	6	566	1	70	567	Finish
567	T6	0	6	567	1	70	568	Finish
568	T6	0	6	568	1	70	569	Finish
569	T6	0	6	569	1	70	570	Finish
570	T6	0	6	570	1	70	571	Finish
571	T6	0	6	571	1	70	572	Finish
572	T6	0	6	572	1	70	573	Finish
573	T6	0	6	573	1	70	574	Finish
574	T6	0	6	574	1	70	575	Finish
575	T6	0	6	575	1	70	576	Finish
576	T6	0	6	576	1	70	577	Finish
577	T6	0	6	577	1	70	578	Finish
578	T6	0	6	578	1	70	579	Finish
579	T6	0	6	579	1	70	580	Finish
580	T6	0	6	580	1	70	581	Finish
581	T6	0	6	581	1	70	582	Finish
582	T6	0	6	582	1	70	583	Finish
583	T6	0	6	583	1	70	584	Finish
584	T6	0	6	584	1	70	585	Finish
585	T6	0	6	585	1	70	586	Finish
586	T6	0	6	586	1	70	587	Finish
587	T6	0	6	587	1	70	588	Finish
588	T6	0	6	588	1	70	589	Finish
589	T6	0	6	589	1	70	590	Finish
590	T6	0	6	590	1	70	591	Finish
591	T6	0	6	591	1	70	592	Finish
592	T6	0	6	592	1	70	593	Finish
593	T6	0	6	593	1	70	594	Finish
594	T4	1	10	594	1	71	595	 
595	T4	1	10	595	1	71	596	 
596	T4	1	10	596	1	71	597	 
597	T4	1	10	597	1	71	598	 
598	T4	1	10	598	1	71	599	 
599	T4	1	10	599	1	71	600	 
600	T4	1	10	600	1	71	601	 
601	T4	1	10	601	1	71	602	 
602	T4	1	10	602	1	71	603	 
603	T4	1	10	603	1	71	604	Finish
604	T4	1	10	604	1	71	605	Finish
605	T4	1	10	605	1	71	606	Finish
606	T4	1	10	606	1	71	607	Finish
607	T4	1	10	607	1	71	608	Finish
608	T4	1	10	608	1	71	609	Finish
609	T4	1	10	609	1	71	610	Finish
610	T4	1	10	610	1	71	611	Finish
611	T4	1	10	611	1	71	612	Finish
612	T4	1	10	612	1	71	613	Finish
613	T4	1	10	613	1	71	614	Finish
614	T4	1	10	614	1	71	615	Finish
615	T4	1	10	615	1	71	616	Finish
616	T4	1	10	616	1	71	617	Finish
617	T4	1	10	617	1	71	618	Finish
618	T4	1	10	618	1	71	619	Finish
619	T4	1	10	619	1	71	620	Finish
620	T4	1	10	620	1	71	621	Finish
621	T4	1	10	621	1	71	622	Finish
622	T4	1	10	622	1	71	623	Finish
623	T4	1	10	623	1	71	624	Finish
624	T4	1	10	624	1	71	625	Finish
625	T4	1	10	625	1	71	626	Finish
626	T4	1	10	626	1	71	627	Finish
627	T4	1	10	627	1	71	628	Finish
628	T4	1	10	628	1	71	629	Finish
629	T4	1	10	629	1	71	630	Finish
630	T4	1	10	630	1	71	631	Finish
631	T4	1	10	631	1	71	632	Finish
632	T4	1	10	632	1	71	633	Finish
633	T4	1	10	633	1	71	634	Finish
634	T4	1	10	634	1	71	635	Finish
635	T4	1	10	635	1	71	636	Finish
636	T4	1	10	636	1	71	637	Finish
637	T4	1	10	637	1	71	638	Finish
638	T4	1	10	638	1	71	639	Finish
639	T4	1	10	639	1	71	640	Finish
640	T4	1	10	640	1	71	641	Finish
641	T4	1	10	641	1	71	642	Finish
642	T4	1	10	642	1	71	643	Finish
643	T4	1	10	643	1	71	644	Finish
644	T4	1	10	644	1	71	645	Finish
645	T4	1	10	645	1	71	646	Finish
646	T4	1	10	646	1	71	647	Finish
647	T4	1	10	647	1	71	648	Finish
648	T4	1	10	648	1	71	649	Finish
649	T4	1	10	649	1	71	650	Finish
650	T4	1	10	650	1	71	651	Finish
651	T4	1	10	651	1	71	652	Finish
652	T4	1	10	652	1	71	653	Finish
653	T4	1	10	653	1	71	654	Finish
654	T4	1	10	654	1	71	655	Finish
655	T4	1	10	655	1	71	656	Finish
656	T4	1	10	656	1	71	657	Finish
657	T4	1	10	657	1	71	658	Finish
658	T4	1	10	658	1	71	659	Finish
659	T4	1	10	659	1	71	660	Finish
660	T4	1	10	660	1	71	661	Finish
661	T4	1	10	661	1	71	662	Finish
662	T4	1	10	662	1	71	663	Finish
663	T4	1	10	663	1	71	664	Finish
664	T1	0	10	664	1	76	665	 
665	T1	0	10	665	1	76	666	 
666	T1	0	10	666	1	76	667	 
667	T1	0	10	667	1	76	668	 
668	T1	0	10	668	1	76	669	 
669	T1	0	10	669	1	76	670	 
670	T1	0	10	670	1	76	671	 
671	T1	0	10	671	1	76	672	 
672	T1	0	10	672	1	76	673	 
673	T1	0	10	673	1	76	674	Finish
674	T1	0	10	674	1	76	675	Finish
675	T1	0	10	675	1	76	676	Finish
676	T1	0	10	676	1	76	677	Finish
677	T1	0	10	677	1	76	678	Finish
678	T1	0	10	678	1	76	679	Finish
679	T1	0	10	679	1	76	680	Finish
680	T1	0	10	680	1	76	681	Finish
681	T1	0	10	681	1	76	682	Finish
682	T1	0	10	682	1	76	683	Finish
683	T1	0	10	683	1	76	684	Finish
684	T1	0	10	684	1	76	685	Finish
685	T1	0	10	685	1	76	686	Finish
686	T1	0	10	686	1	76	687	Finish
687	T1	0	10	687	1	76	688	Finish
688	T1	0	10	688	1	76	689	Finish
689	T1	0	10	689	1	76	690	Finish
690	T1	0	10	690	1	76	691	Finish
691	T1	0	10	691	1	76	692	Finish
692	T1	0	10	692	1	76	693	Finish
693	T1	0	10	693	1	76	694	Finish
694	T1	0	10	694	1	76	695	Finish
695	T1	0	10	695	1	76	696	Finish
696	T1	0	10	696	1	76	697	Finish
697	T1	0	10	697	1	76	698	Finish
698	T1	0	10	698	1	76	699	Finish
699	T1	0	10	699	1	76	700	Finish
700	T1	0	10	700	1	76	701	Finish
701	T1	0	10	701	1	76	702	Finish
702	T1	0	10	702	1	76	703	Finish
703	T1	0	10	703	1	76	704	Finish
704	T1	0	10	704	1	76	705	Finish
705	T1	0	10	705	1	76	706	Finish
706	T1	0	10	706	1	76	707	Finish
707	T1	0	10	707	1	76	708	Finish
708	T1	0	10	708	1	76	709	Finish
709	T1	0	10	709	1	76	710	Finish
710	T1	0	10	710	1	76	711	Finish
711	T1	0	10	711	1	76	712	Finish
712	T1	0	10	712	1	76	713	Finish
713	T1	0	10	713	1	76	714	Finish
714	T1	0	10	714	1	76	715	Finish
715	T1	0	10	715	1	76	716	Finish
716	T1	0	10	716	1	76	717	Finish
717	T1	0	10	717	1	76	718	Finish
718	T1	0	10	718	1	76	719	Finish
719	T1	0	10	719	1	76	720	Finish
720	T1	0	10	720	1	76	721	Finish
721	T1	0	10	721	1	76	722	Finish
722	T1	0	10	722	1	76	723	Finish
723	T1	0	10	723	1	76	724	Finish
724	T1	0	10	724	1	76	725	Finish
725	T1	0	10	725	1	76	726	Finish
726	T1	0	10	726	1	76	727	Finish
727	T1	0	10	727	1	76	728	Finish
728	T1	0	10	728	1	76	729	Finish
729	T1	0	10	729	1	76	730	Finish
730	T1	0	10	730	1	76	731	Finish
731	T1	0	10	731	1	76	732	Finish
732	T1	0	10	732	1	76	733	Finish
733	T1	0	10	733	1	76	734	Finish
734	T1	0	10	734	1	76	735	Finish
735	T1	0	10	735	1	76	736	Finish
736	T1	0	10	736	1	76	737	Finish
737	T1	0	10	737	1	76	738	Finish
738	T1	0	10	738	1	76	739	Finish
739	T1	0	10	739	1	76	740	Finish
740	T3	0	10	740	1	76	741	 
741	T3	0	10	741	1	76	742	 
742	T3	0	10	742	1	76	743	 
743	T3	0	10	743	1	76	744	 
744	T3	0	10	744	1	76	745	 
745	T3	0	10	745	1	76	746	 
746	T3	0	10	746	1	76	747	 
747	T3	0	10	747	1	76	748	 
748	T3	0	10	748	1	76	749	 
749	T3	0	10	749	1	76	750	Finish
750	T3	0	10	750	1	76	751	Finish
751	T3	0	10	751	1	76	752	Finish
752	T3	0	10	752	1	76	753	Finish
753	T3	0	10	753	1	76	754	Finish
754	T3	0	10	754	1	76	755	Finish
755	T3	0	10	755	1	76	756	Finish
756	T3	0	10	756	1	76	757	Finish
757	T3	0	10	757	1	76	758	Finish
758	T3	0	10	758	1	76	759	Finish
759	T3	0	10	759	1	76	760	Finish
760	T3	0	10	760	1	76	761	Finish
761	T3	0	10	761	1	76	762	Finish
762	T3	0	10	762	1	76	763	Finish
763	T3	0	10	763	1	76	764	Finish
764	T3	0	10	764	1	76	765	Finish
765	T3	0	10	765	1	76	766	Finish
766	T3	0	10	766	1	76	767	Finish
767	T3	0	10	767	1	76	768	Finish
768	T3	0	10	768	1	76	769	Finish
769	T3	0	10	769	1	76	770	Finish
770	T3	0	10	770	1	76	771	Finish
771	T3	0	10	771	1	76	772	Finish
772	T3	0	10	772	1	76	773	Finish
773	T3	0	10	773	1	76	774	Finish
774	T3	0	10	774	1	76	775	Finish
775	T3	0	10	775	1	76	776	Finish
776	T3	0	10	776	1	76	777	Finish
777	T3	0	10	777	1	76	778	Finish
778	T3	0	10	778	1	76	779	Finish
779	T3	0	10	779	1	76	780	Finish
780	T3	0	10	780	1	76	781	Finish
781	T3	0	10	781	1	76	782	Finish
782	T3	0	10	782	1	76	783	Finish
783	T3	0	10	783	1	76	784	Finish
784	T3	0	10	784	1	76	785	Finish
785	T3	0	10	785	1	76	786	Finish
786	T3	0	10	786	1	76	787	Finish
787	T3	0	10	787	1	76	788	Finish
788	T3	0	10	788	1	76	789	Finish
789	T3	0	10	789	1	76	790	Finish
790	T3	0	10	790	1	76	791	Finish
791	T3	0	10	791	1	76	792	Finish
792	T3	0	10	792	1	76	793	Finish
793	T3	0	10	793	1	76	794	Finish
794	T3	0	10	794	1	76	795	Finish
795	T3	0	10	795	1	76	796	Finish
796	T3	0	10	796	1	76	797	Finish
797	T3	0	10	797	1	76	798	Finish
798	T3	0	10	798	1	76	799	Finish
799	T3	0	10	799	1	76	800	Finish
800	T3	0	10	800	1	76	801	Finish
801	T3	0	10	801	1	76	802	Finish
802	T3	0	10	802	1	76	803	Finish
803	T3	0	10	803	1	76	804	Finish
804	T3	0	10	804	1	76	805	Finish
805	T3	0	10	805	1	76	806	Finish
806	T3	0	10	806	1	76	807	Finish
807	T3	0	10	807	1	76	808	Finish
808	T3	0	10	808	1	76	809	Finish
809	T3	0	10	809	1	76	810	Finish
810	T3	0	10	810	1	76	811	Finish
811	T3	0	10	811	1	76	812	Finish
812	T3	0	10	812	1	76	813	Finish
813	T3	0	10	813	1	76	814	Finish
814	T3	0	10	814	1	76	815	Finish
815	T3	0	10	815	1	76	816	Finish
816	T6	0	6	816	1	86	817	 
817	T6	0	6	817	1	86	818	 
818	T6	0	6	818	1	86	819	 
819	T6	0	6	819	1	86	820	 
820	T6	0	6	820	1	86	821	 
821	T6	0	6	821	1	86	822	Finish
822	T6	0	6	822	1	86	823	Finish
823	T6	0	6	823	1	86	824	Finish
824	T6	0	6	824	1	86	825	Finish
825	T6	0	6	825	1	86	826	Finish
826	T6	0	6	826	1	86	827	Finish
827	T6	0	6	827	1	86	828	Finish
828	T6	0	6	828	1	86	829	Finish
829	T6	0	6	829	1	86	830	Finish
830	T6	0	6	830	1	86	831	Finish
831	T6	0	6	831	1	86	832	Finish
832	T6	0	6	832	1	86	833	Finish
833	T6	0	6	833	1	86	834	Finish
834	T6	0	6	834	1	86	835	Finish
835	T6	0	6	835	1	86	836	Finish
836	T6	0	6	836	1	86	837	Finish
837	T6	0	6	837	1	86	838	Finish
838	T6	0	6	838	1	86	839	Finish
839	T6	0	6	839	1	86	840	Finish
840	T6	0	6	840	1	86	841	Finish
841	T6	0	6	841	1	86	842	Finish
842	T6	0	6	842	1	86	843	Finish
843	T6	0	6	843	1	86	844	Finish
844	T6	0	6	844	1	86	845	Finish
845	T6	0	6	845	1	86	846	Finish
846	T6	0	6	846	1	86	847	Finish
847	T6	0	6	847	1	86	848	Finish
848	T6	0	6	848	1	86	849	Finish
849	T6	0	6	849	1	86	850	Finish
850	T6	0	6	850	1	86	851	Finish
851	T6	0	6	851	1	86	852	Finish
852	T6	0	6	852	1	86	853	Finish
853	T6	0	6	853	1	86	854	Finish
854	T6	0	6	854	1	86	855	Finish
855	T6	0	6	855	1	86	856	Finish
856	T6	0	6	856	1	86	857	Finish
857	T6	0	6	857	1	86	858	Finish
858	T6	0	6	858	1	86	859	Finish
859	T6	0	6	859	1	86	860	Finish
860	T6	0	6	860	1	86	861	Finish
861	T6	0	6	861	1	86	862	Finish
862	T6	0	6	862	1	86	863	Finish
863	T6	0	6	863	1	86	864	Finish
864	T6	0	6	864	1	86	865	Finish
865	T6	0	6	865	1	86	866	Finish
866	T6	0	6	866	1	86	867	Finish
867	T6	0	6	867	1	86	868	Finish
868	T6	0	6	868	1	86	869	Finish
869	T6	0	6	869	1	86	870	Finish
870	T6	0	6	870	1	86	871	Finish
871	T6	0	6	871	1	86	872	Finish
872	T6	0	6	872	1	86	873	Finish
873	T6	0	6	873	1	86	874	Finish
874	T6	0	6	874	1	86	875	Finish
875	T6	0	6	875	1	86	876	Finish
876	T6	0	6	876	1	86	877	Finish
877	T6	0	6	877	1	86	878	Finish
878	T6	0	6	878	1	86	879	Finish
879	T6	0	6	879	1	86	880	Finish
880	T6	0	6	880	1	86	881	Finish
881	T6	0	6	881	1	86	882	Finish
882	T6	0	6	882	1	86	883	Finish
883	T6	0	6	883	1	86	884	Finish
884	T6	0	6	884	1	86	885	Finish
885	T6	0	6	885	1	86	886	Finish
886	T6	0	6	886	1	86	887	Finish
887	T6	0	6	887	1	86	888	Finish
888	T6	0	6	888	1	86	889	Finish
889	T6	0	6	889	1	86	890	Finish
890	T6	0	6	890	1	86	891	Finish
891	T6	0	6	891	1	86	892	Finish
892	T6	0	6	892	1	86	893	Finish
893	T6	0	6	893	1	86	894	Finish
894	T6	0	6	894	1	86	895	Finish
895	T6	0	6	895	1	86	896	Finish
896	T6	0	6	896	1	86	897	Finish
897	T6	0	6	897	1	86	898	Finish
898	T6	0	6	898	1	86	899	Finish
899	T6	0	6	899	1	86	900	Finish
900	T6	0	6	900	1	86	901	Finish
901	T6	0	6	901	1	86	902	Finish
902	T5	1	5	902	1	86	903	 
903	T5	1	5	903	1	86	904	 
904	T5	1	5	904	1	86	905	 
905	T5	1	5	905	1	86	906	 
906	T5	1	5	906	1	86	907	Finish
907	T5	1	5	907	1	86	908	Finish
908	T5	1	5	908	1	86	909	Finish
909	T5	1	5	909	1	86	910	Finish
910	T5	1	5	910	1	86	911	Finish
911	T5	1	5	911	1	86	912	Finish
912	T5	1	5	912	1	86	913	Finish
913	T5	1	5	913	1	86	914	Finish
914	T5	1	5	914	1	86	915	Finish
915	T5	1	5	915	1	86	916	Finish
916	T5	1	5	916	1	86	917	Finish
917	T5	1	5	917	1	86	918	Finish
918	T5	1	5	918	1	86	919	Finish
919	T5	1	5	919	1	86	920	Finish
920	T5	1	5	920	1	86	921	Finish
921	T5	1	5	921	1	86	922	Finish
922	T5	1	5	922	1	86	923	Finish
923	T5	1	5	923	1	86	924	Finish
924	T5	1	5	924	1	86	925	Finish
925	T5	1	5	925	1	86	926	Finish
926	T5	1	5	926	1	86	927	Finish
927	T5	1	5	927	1	86	928	Finish
928	T5	1	5	928	1	86	929	Finish
929	T5	1	5	929	1	86	930	Finish
930	T5	1	5	930	1	86	931	Finish
931	T5	1	5	931	1	86	932	Finish
932	T5	1	5	932	1	86	933	Finish
933	T5	1	5	933	1	86	934	Finish
934	T5	1	5	934	1	86	935	Finish
935	T5	1	5	935	1	86	936	Finish
936	T5	1	5	936	1	86	937	Finish
937	T5	1	5	937	1	86	938	Finish
938	T5	1	5	938	1	86	939	Finish
939	T5	1	5	939	1	86	940	Finish
940	T5	1	5	940	1	86	941	Finish
941	T5	1	5	941	1	86	942	Finish
942	T5	1	5	942	1	86	943	Finish
943	T5	1	5	943	1	86	944	Finish
944	T5	1	5	944	1	86	945	Finish
945	T5	1	5	945	1	86	946	Finish
946	T5	1	5	946	1	86	947	Finish
947	T5	1	5	947	1	86	948	Finish
948	T5	1	5	948	1	86	949	Finish
949	T5	1	5	949	1	86	950	Finish
950	T5	1	5	950	1	86	951	Finish
951	T5	1	5	951	1	86	952	Finish
952	T5	1	5	952	1	86	953	Finish
953	T5	1	5	953	1	86	954	Finish
954	T5	1	5	954	1	86	955	Finish
955	T5	1	5	955	1	86	956	Finish
956	T5	1	5	956	1	86	957	Finish
957	T5	1	5	957	1	86	958	Finish
958	T5	1	5	958	1	86	959	Finish
959	T5	1	5	959	1	86	960	Finish
960	T5	1	5	960	1	86	961	Finish
961	T5	1	5	961	1	86	962	Finish
962	T5	1	5	962	1	86	963	Finish
963	T5	1	5	963	1	86	964	Finish
964	T5	1	5	964	1	86	965	Finish
965	T5	1	5	965	1	86	966	Finish
966	T5	1	5	966	1	86	967	Finish
967	T5	1	5	967	1	86	968	Finish
968	T5	1	5	968	1	86	969	Finish
969	T5	1	5	969	1	86	970	Finish
970	T5	1	5	970	1	86	971	Finish
971	T5	1	5	971	1	86	972	Finish
972	T5	1	5	972	1	86	973	Finish
973	T5	1	5	973	1	86	974	Finish
974	T5	1	5	974	1	86	975	Finish
975	T5	1	5	975	1	86	976	Finish
976	T5	1	5	976	1	86	977	Finish
977	T5	1	5	977	1	86	978	Finish
978	T5	1	5	978	1	86	979	Finish
979	T5	1	5	979	1	86	980	Finish
980	T5	1	5	980	1	86	981	Finish
981	T5	1	5	981	1	86	982	Finish
982	T5	1	5	982	1	86	983	Finish
983	T5	1	5	983	1	86	984	Finish
984	T5	1	5	984	1	86	985	Finish
985	T5	1	5	985	1	86	986	Finish
986	T5	1	5	986	1	86	987	Finish
987	T4	1	10	987	1	101	988	 
988	T4	1	10	988	1	101	989	 
989	T4	1	10	989	1	101	990	 
990	T4	1	10	990	1	101	991	 
991	T4	1	10	991	1	101	992	 
992	T4	1	10	992	1	101	993	 
993	T4	1	10	993	1	101	994	 
994	T4	1	10	994	1	101	995	 
995	T4	1	10	995	1	101	996	 
996	T4	1	10	996	1	101	997	Finish
997	T4	1	10	997	1	101	998	Finish
998	T4	1	10	998	1	101	999	Finish
999	T4	1	10	999	1	101	1000	Finish
1000	T4	1	10	1000	1	101	1001	Finish
1001	T4	1	10	1001	1	101	1002	Finish
1002	T4	1	10	1002	1	101	1003	Finish
1003	T4	1	10	1003	1	101	1004	Finish
1004	T4	1	10	1004	1	101	1005	Finish
1005	T4	1	10	1005	1	101	1006	Finish
1006	T4	1	10	1006	1	101	1007	Finish
1007	T4	1	10	1007	1	101	1008	Finish
1008	T4	1	10	1008	1	101	1009	Finish
1009	T4	1	10	1009	1	101	1010	Finish
1010	T4	1	10	1010	1	101	1011	Finish
1011	T4	1	10	1011	1	101	1012	Finish
1012	T4	1	10	1012	1	101	1013	Finish
1013	T4	1	10	1013	1	101	1014	Finish
1014	T4	1	10	1014	1	101	1015	Finish
1015	T4	1	10	1015	1	101	1016	Finish
1016	T4	1	10	1016	1	101	1017	Finish
1017	T4	1	10	1017	1	101	1018	Finish
1018	T4	1	10	1018	1	101	1019	Finish
1019	T4	1	10	1019	1	101	1020	Finish
1020	T4	1	10	1020	1	101	1021	Finish
1021	T4	1	10	1021	1	101	1022	Finish
1022	T4	1	10	1022	1	101	1023	Finish
1023	T4	1	10	1023	1	101	1024	Finish
1024	T4	1	10	1024	1	101	1025	Finish
1025	T4	1	10	1025	1	101	1026	Finish
1026	T4	1	10	1026	1	101	1027	Finish
1027	T4	1	10	1027	1	101	1028	Finish
1028	T4	1	10	1028	1	101	1029	Finish
1029	T4	1	10	1029	1	101	1030	Finish
1030	T4	1	10	1030	1	101	1031	Finish
1031	T4	1	10	1031	1	101	1032	Finish
1032	T4	1	10	1032	1	101	1033	Finish
1033	T4	1	10	1033	1	101	1034	Finish
1034	T4	1	10	1034	1	101	1035	Finish
1035	T4	1	10	1035	1	101	1036	Finish
1036	T4	1	10	1036	1	101	1037	Finish
1037	T4	1	10	1037	1	101	1038	Finish
1038	T4	1	10	1038	1	101	1039	Finish
1039	T4	1	10	1039	1	101	1040	Finish
1040	T4	1	10	1040	1	101	1041	Finish
1041	T4	1	10	1041	1	101	1042	Finish
1042	T4	1	10	1042	1	101	1043	Finish
1043	T4	1	10	1043	1	101	1044	Finish
1044	T4	1	10	1044	1	101	1045	Finish
1045	T4	1	10	1045	1	101	1046	Finish
1046	T4	1	10	1046	1	101	1047	Finish
1047	T4	1	10	1047	1	101	1048	Finish
1048	T4	1	10	1048	1	101	1049	Finish
1049	T4	1	10	1049	1	101	1050	Finish
1050	T4	1	10	1050	1	101	1051	Finish
1051	T4	1	10	1051	1	101	1052	Finish
1052	T4	1	10	1052	1	101	1053	Finish
1053	T4	1	10	1053	1	101	1054	Finish
1054	T4	1	10	1054	1	101	1055	Finish
1055	T4	1	10	1055	1	101	1056	Finish
1056	T4	1	10	1056	1	101	1057	Finish
1057	T4	1	10	1057	1	101	1058	Finish
1058	T4	1	10	1058	1	101	1059	Finish
1059	T4	1	10	1059	1	101	1060	Finish
1060	T4	1	10	1060	1	101	1061	Finish
1061	T4	1	10	1061	1	101	1062	Finish
1062	T4	1	10	1062	1	101	1063	Finish
1063	T4	1	10	1063	1	101	1064	Finish
1064	T4	1	10	1064	1	101	1065	Finish
1065	T4	1	10	1065	1	101	1066	Finish
1066	T4	1	10	1066	1	101	1067	Finish
1067	T4	1	10	1067	1	101	1068	Finish
1068	T4	1	10	1068	1	101	1069	Finish
1069	T4	1	10	1069	1	101	1070	Finish
1070	T4	1	10	1070	1	101	1071	Finish
1071	T4	1	10	1071	1	101	1072	Finish
1072	T4	1	10	1072	1	101	1073	Finish
1073	T4	1	10	1073	1	101	1074	Finish
1074	T4	1	10	1074	1	101	1075	Finish
1075	T4	1	10	1075	1	101	1076	Finish
1076	T4	1	10	1076	1	101	1077	Finish
1077	T4	1	10	1077	1	101	1078	Finish
1078	T4	1	10	1078	1	101	1079	Finish
1079	T4	1	10	1079	1	101	1080	Finish
1080	T4	1	10	1080	1	101	1081	Finish
1081	T4	1	10	1081	1	101	1082	Finish
1082	T4	1	10	1082	1	101	1083	Finish
1083	T4	1	10	1083	1	101	1084	Finish
1084	T4	1	10	1084	1	101	1085	Finish
1085	T4	1	10	1085	1	101	1086	Finish
1086	T4	1	10	1086	1	101	1087	Finish
1087	T6	0	6	1087	1	102	1088	 
1088	T6	0	6	1088	1	102	1089	 
1089	T6	0	6	1089	1	102	1090	 
1090	T6	0	6	1090	1	102	1091	 
1091	T6	0	6	1091	1	102	1092	 
1092	T6	0	6	1092	1	102	1093	Finish
1093	T6	0	6	1093	1	102	1094	Finish
1094	T6	0	6	1094	1	102	1095	Finish
1095	T6	0	6	1095	1	102	1096	Finish
1096	T6	0	6	1096	1	102	1097	Finish
1097	T6	0	6	1097	1	102	1098	Finish
1098	T6	0	6	1098	1	102	1099	Finish
1099	T6	0	6	1099	1	102	1100	Finish
1100	T6	0	6	1100	1	102	1101	Finish
1101	T6	0	6	1101	1	102	1102	Finish
1102	T6	0	6	1102	1	102	1103	Finish
1103	T6	0	6	1103	1	102	1104	Finish
1104	T6	0	6	1104	1	102	1105	Finish
1105	T6	0	6	1105	1	102	1106	Finish
1106	T6	0	6	1106	1	102	1107	Finish
1107	T6	0	6	1107	1	102	1108	Finish
1108	T6	0	6	1108	1	102	1109	Finish
1109	T6	0	6	1109	1	102	1110	Finish
1110	T6	0	6	1110	1	102	1111	Finish
1111	T6	0	6	1111	1	102	1112	Finish
1112	T6	0	6	1112	1	102	1113	Finish
1113	T6	0	6	1113	1	102	1114	Finish
1114	T6	0	6	1114	1	102	1115	Finish
1115	T6	0	6	1115	1	102	1116	Finish
1116	T6	0	6	1116	1	102	1117	Finish
1117	T6	0	6	1117	1	102	1118	Finish
1118	T6	0	6	1118	1	102	1119	Finish
1119	T6	0	6	1119	1	102	1120	Finish
1120	T6	0	6	1120	1	102	1121	Finish
1121	T6	0	6	1121	1	102	1122	Finish
1122	T6	0	6	1122	1	102	1123	Finish
1123	T6	0	6	1123	1	102	1124	Finish
1124	T6	0	6	1124	1	102	1125	Finish
1125	T6	0	6	1125	1	102	1126	Finish
1126	T6	0	6	1126	1	102	1127	Finish
1127	T6	0	6	1127	1	102	1128	Finish
1128	T6	0	6	1128	1	102	1129	Finish
1129	T6	0	6	1129	1	102	1130	Finish
1130	T6	0	6	1130	1	102	1131	Finish
1131	T6	0	6	1131	1	102	1132	Finish
1132	T6	0	6	1132	1	102	1133	Finish
1133	T6	0	6	1133	1	102	1134	Finish
1134	T6	0	6	1134	1	102	1135	Finish
1135	T6	0	6	1135	1	102	1136	Finish
1136	T6	0	6	1136	1	102	1137	Finish
1137	T6	0	6	1137	1	102	1138	Finish
1138	T6	0	6	1138	1	102	1139	Finish
1139	T6	0	6	1139	1	102	1140	Finish
1140	T6	0	6	1140	1	102	1141	Finish
1141	T6	0	6	1141	1	102	1142	Finish
1142	T6	0	6	1142	1	102	1143	Finish
1143	T6	0	6	1143	1	102	1144	Finish
1144	T6	0	6	1144	1	102	1145	Finish
1145	T6	0	6	1145	1	102	1146	Finish
1146	T6	0	6	1146	1	102	1147	Finish
1147	T6	0	6	1147	1	102	1148	Finish
1148	T6	0	6	1148	1	102	1149	Finish
1149	T6	0	6	1149	1	102	1150	Finish
1150	T6	0	6	1150	1	102	1151	Finish
1151	T6	0	6	1151	1	102	1152	Finish
1152	T6	0	6	1152	1	102	1153	Finish
1153	T6	0	6	1153	1	102	1154	Finish
1154	T6	0	6	1154	1	102	1155	Finish
1155	T6	0	6	1155	1	102	1156	Finish
1156	T6	0	6	1156	1	102	1157	Finish
1157	T6	0	6	1157	1	102	1158	Finish
1158	T6	0	6	1158	1	102	1159	Finish
1159	T6	0	6	1159	1	102	1160	Finish
1160	T6	0	6	1160	1	102	1161	Finish
1161	T6	0	6	1161	1	102	1162	Finish
1162	T6	0	6	1162	1	102	1163	Finish
1163	T6	0	6	1163	1	102	1164	Finish
1164	T6	0	6	1164	1	102	1165	Finish
1165	T6	0	6	1165	1	102	1166	Finish
1166	T6	0	6	1166	1	102	1167	Finish
1167	T6	0	6	1167	1	102	1168	Finish
1168	T6	0	6	1168	1	102	1169	Finish
1169	T6	0	6	1169	1	102	1170	Finish
1170	T6	0	6	1170	1	102	1171	Finish
1171	T6	0	6	1171	1	102	1172	Finish
1172	T6	0	6	1172	1	102	1173	Finish
1173	T6	0	6	1173	1	102	1174	Finish
1174	T6	0	6	1174	1	102	1175	Finish
1175	T6	0	6	1175	1	102	1176	Finish
1176	T6	0	6	1176	1	102	1177	Finish
1177	T6	0	6	1177	1	102	1178	Finish
1178	T6	0	6	1178	1	102	1179	Finish
1179	T6	0	6	1179	1	102	1180	Finish
1180	T6	0	6	1180	1	102	1181	Finish
1181	T6	0	6	1181	1	102	1182	Finish
1182	T6	0	6	1182	1	102	1183	Finish
1183	T6	0	6	1183	1	102	1184	Finish
1184	T6	0	6	1184	1	102	1185	Finish
1185	T6	0	6	1185	1	102	1186	Finish
1186	T6	0	6	1186	1	102	1187	Finish
1187	T6	0	6	1187	1	102	1188	Finish
1188	T6	0	6	1188	1	102	1189	Finish
1189	T2	0	3	1189	1	102	1190	 
1190	T2	0	3	1190	1	102	1191	 
1191	T2	0	3	1191	1	102	1192	Finish
1192	T2	0	3	1192	1	102	1193	Finish
1193	T2	0	3	1193	1	102	1194	Finish
1194	T2	0	3	1194	1	102	1195	Finish
1195	T2	0	3	1195	1	102	1196	Finish
1196	T2	0	3	1196	1	102	1197	Finish
1197	T2	0	3	1197	1	102	1198	Finish
1198	T2	0	3	1198	1	102	1199	Finish
1199	T2	0	3	1199	1	102	1200	Finish
1200	T2	0	3	1200	1	102	1201	Finish
1201	T2	0	3	1201	1	102	1202	Finish
1202	T2	0	3	1202	1	102	1203	Finish
1203	T2	0	3	1203	1	102	1204	Finish
1204	T2	0	3	1204	1	102	1205	Finish
1205	T2	0	3	1205	1	102	1206	Finish
1206	T2	0	3	1206	1	102	1207	Finish
1207	T2	0	3	1207	1	102	1208	Finish
1208	T2	0	3	1208	1	102	1209	Finish
1209	T2	0	3	1209	1	102	1210	Finish
1210	T2	0	3	1210	1	102	1211	Finish
1211	T2	0	3	1211	1	102	1212	Finish
1212	T2	0	3	1212	1	102	1213	Finish
1213	T2	0	3	1213	1	102	1214	Finish
1214	T2	0	3	1214	1	102	1215	Finish
1215	T2	0	3	1215	1	102	1216	Finish
1216	T2	0	3	1216	1	102	1217	Finish
1217	T2	0	3	1217	1	102	1218	Finish
1218	T2	0	3	1218	1	102	1219	Finish
1219	T2	0	3	1219	1	102	1220	Finish
1220	T2	0	3	1220	1	102	1221	Finish
1221	T2	0	3	1221	1	102	1222	Finish
1222	T2	0	3	1222	1	102	1223	Finish
1223	T2	0	3	1223	1	102	1224	Finish
1224	T2	0	3	1224	1	102	1225	Finish
1225	T2	0	3	1225	1	102	1226	Finish
1226	T2	0	3	1226	1	102	1227	Finish
1227	T2	0	3	1227	1	102	1228	Finish
1228	T2	0	3	1228	1	102	1229	Finish
1229	T2	0	3	1229	1	102	1230	Finish
1230	T2	0	3	1230	1	102	1231	Finish
1231	T2	0	3	1231	1	102	1232	Finish
1232	T2	0	3	1232	1	102	1233	Finish
1233	T2	0	3	1233	1	102	1234	Finish
1234	T2	0	3	1234	1	102	1235	Finish
1235	T2	0	3	1235	1	102	1236	Finish
1236	T2	0	3	1236	1	102	1237	Finish
1237	T2	0	3	1237	1	102	1238	Finish
1238	T2	0	3	1238	1	102	1239	Finish
1239	T2	0	3	1239	1	102	1240	Finish
1240	T2	0	3	1240	1	102	1241	Finish
1241	T2	0	3	1241	1	102	1242	Finish
1242	T2	0	3	1242	1	102	1243	Finish
1243	T2	0	3	1243	1	102	1244	Finish
1244	T2	0	3	1244	1	102	1245	Finish
1245	T2	0	3	1245	1	102	1246	Finish
1246	T2	0	3	1246	1	102	1247	Finish
1247	T2	0	3	1247	1	102	1248	Finish
1248	T2	0	3	1248	1	102	1249	Finish
1249	T2	0	3	1249	1	102	1250	Finish
1250	T2	0	3	1250	1	102	1251	Finish
1251	T2	0	3	1251	1	102	1252	Finish
1252	T2	0	3	1252	1	102	1253	Finish
1253	T2	0	3	1253	1	102	1254	Finish
1254	T2	0	3	1254	1	102	1255	Finish
1255	T2	0	3	1255	1	102	1256	Finish
1256	T2	0	3	1256	1	102	1257	Finish
1257	T2	0	3	1257	1	102	1258	Finish
1258	T2	0	3	1258	1	102	1259	Finish
1259	T2	0	3	1259	1	102	1260	Finish
1260	T2	0	3	1260	1	102	1261	Finish
1261	T2	0	3	1261	1	102	1262	Finish
1262	T2	0	3	1262	1	102	1263	Finish
1263	T2	0	3	1263	1	102	1264	Finish
1264	T2	0	3	1264	1	102	1265	Finish
1265	T2	0	3	1265	1	102	1266	Finish
1266	T2	0	3	1266	1	102	1267	Finish
1267	T2	0	3	1267	1	102	1268	Finish
1268	T2	0	3	1268	1	102	1269	Finish
1269	T2	0	3	1269	1	102	1270	Finish
1270	T2	0	3	1270	1	102	1271	Finish
1271	T2	0	3	1271	1	102	1272	Finish
1272	T2	0	3	1272	1	102	1273	Finish
1273	T2	0	3	1273	1	102	1274	Finish
1274	T2	0	3	1274	1	102	1275	Finish
1275	T2	0	3	1275	1	102	1276	Finish
1276	T2	0	3	1276	1	102	1277	Finish
1277	T2	0	3	1277	1	102	1278	Finish
1278	T2	0	3	1278	1	102	1279	Finish
1279	T2	0	3	1279	1	102	1280	Finish
1280	T2	0	3	1280	1	102	1281	Finish
1281	T2	0	3	1281	1	102	1282	Finish
1282	T2	0	3	1282	1	102	1283	Finish
1283	T2	0	3	1283	1	102	1284	Finish
1284	T2	0	3	1284	1	102	1285	Finish
1285	T2	0	3	1285	1	102	1286	Finish
1286	T2	0	3	1286	1	102	1287	Finish
1287	T2	0	3	1287	1	102	1288	Finish
1288	T2	0	3	1288	1	102	1289	Finish
1289	T2	0	3	1289	1	102	1290	Finish
1290	T2	0	3	1290	1	102	1291	Finish
1291	T5	1	5	1291	1	106	1292	 
1292	T5	1	5	1292	1	106	1293	 
1293	T5	1	5	1293	1	106	1294	 
1294	T5	1	5	1294	1	106	1295	 
1295	T5	1	5	1295	1	106	1296	Finish
1296	T5	1	5	1296	1	106	1297	Finish
1297	T5	1	5	1297	1	106	1298	Finish
1298	T5	1	5	1298	1	106	1299	Finish
1299	T5	1	5	1299	1	106	1300	Finish
1300	T5	1	5	1300	1	106	1301	Finish
1301	T5	1	5	1301	1	106	1302	Finish
1302	T5	1	5	1302	1	106	1303	Finish
1303	T5	1	5	1303	1	106	1304	Finish
1304	T5	1	5	1304	1	106	1305	Finish
1305	T5	1	5	1305	1	106	1306	Finish
1306	T5	1	5	1306	1	106	1307	Finish
1307	T5	1	5	1307	1	106	1308	Finish
1308	T5	1	5	1308	1	106	1309	Finish
1309	T5	1	5	1309	1	106	1310	Finish
1310	T5	1	5	1310	1	106	1311	Finish
1311	T5	1	5	1311	1	106	1312	Finish
1312	T5	1	5	1312	1	106	1313	Finish
1313	T5	1	5	1313	1	106	1314	Finish
1314	T5	1	5	1314	1	106	1315	Finish
1315	T5	1	5	1315	1	106	1316	Finish
1316	T5	1	5	1316	1	106	1317	Finish
1317	T5	1	5	1317	1	106	1318	Finish
1318	T5	1	5	1318	1	106	1319	Finish
1319	T5	1	5	1319	1	106	1320	Finish
1320	T5	1	5	1320	1	106	1321	Finish
1321	T5	1	5	1321	1	106	1322	Finish
1322	T5	1	5	1322	1	106	1323	Finish
1323	T5	1	5	1323	1	106	1324	Finish
1324	T5	1	5	1324	1	106	1325	Finish
1325	T5	1	5	1325	1	106	1326	Finish
1326	T5	1	5	1326	1	106	1327	Finish
1327	T5	1	5	1327	1	106	1328	Finish
1328	T5	1	5	1328	1	106	1329	Finish
1329	T5	1	5	1329	1	106	1330	Finish
1330	T5	1	5	1330	1	106	1331	Finish
1331	T5	1	5	1331	1	106	1332	Finish
1332	T5	1	5	1332	1	106	1333	Finish
1333	T5	1	5	1333	1	106	1334	Finish
1334	T5	1	5	1334	1	106	1335	Finish
1335	T5	1	5	1335	1	106	1336	Finish
1336	T5	1	5	1336	1	106	1337	Finish
1337	T5	1	5	1337	1	106	1338	Finish
1338	T5	1	5	1338	1	106	1339	Finish
1339	T5	1	5	1339	1	106	1340	Finish
1340	T5	1	5	1340	1	106	1341	Finish
1341	T5	1	5	1341	1	106	1342	Finish
1342	T5	1	5	1342	1	106	1343	Finish
1343	T5	1	5	1343	1	106	1344	Finish
1344	T5	1	5	1344	1	106	1345	Finish
1345	T5	1	5	1345	1	106	1346	Finish
1346	T5	1	5	1346	1	106	1347	Finish
1347	T5	1	5	1347	1	106	1348	Finish
1348	T5	1	5	1348	1	106	1349	Finish
1349	T5	1	5	1349	1	106	1350	Finish
1350	T5	1	5	1350	1	106	1351	Finish
1351	T5	1	5	1351	1	106	1352	Finish
1352	T5	1	5	1352	1	106	1353	Finish
1353	T5	1	5	1353	1	106	1354	Finish
1354	T5	1	5	1354	1	106	1355	Finish
1355	T5	1	5	1355	1	106	1356	Finish
1356	T5	1	5	1356	1	106	1357	Finish
1357	T5	1	5	1357	1	106	1358	Finish
1358	T5	1	5	1358	1	106	1359	Finish
1359	T5	1	5	1359	1	106	1360	Finish
1360	T5	1	5	1360	1	106	1361	Finish
1361	T5	1	5	1361	1	106	1362	Finish
1362	T5	1	5	1362	1	106	1363	Finish
1363	T5	1	5	1363	1	106	1364	Finish
1364	T5	1	5	1364	1	106	1365	Finish
1365	T5	1	5	1365	1	106	1366	Finish
1366	T5	1	5	1366	1	106	1367	Finish
1367	T5	1	5	1367	1	106	1368	Finish
1368	T5	1	5	1368	1	106	1369	Finish
1369	T5	1	5	1369	1	106	1370	Finish
1370	T5	1	5	1370	1	106	1371	Finish
1371	T5	1	5	1371	1	106	1372	Finish
1372	T5	1	5	1372	1	106	1373	Finish
1373	T5	1	5	1373	1	106	1374	Finish
1374	T5	1	5	1374	1	106	1375	Finish
1375	T5	1	5	1375	1	106	1376	Finish
1376	T5	1	5	1376	1	106	1377	Finish
1377	T5	1	5	1377	1	106	1378	Finish
1378	T5	1	5	1378	1	106	1379	Finish
1379	T5	1	5	1379	1	106	1380	Finish
1380	T5	1	5	1380	1	106	1381	Finish
1381	T5	1	5	1381	1	106	1382	Finish
1382	T5	1	5	1382	1	106	1383	Finish
1383	T5	1	5	1383	1	106	1384	Finish
1384	T5	1	5	1384	1	106	1385	Finish
1385	T5	1	5	1385	1	106	1386	Finish
1386	T5	1	5	1386	1	106	1387	Finish
1387	T5	1	5	1387	1	106	1388	Finish
1388	T5	1	5	1388	1	106	1389	Finish
1389	T5	1	5	1389	1	106	1390	Finish
1390	T5	1	5	1390	1	106	1391	Finish
1391	T5	1	5	1391	1	106	1392	Finish
1392	T5	1	5	1392	1	106	1393	Finish
1393	T5	1	5	1393	1	106	1394	Finish
1394	T5	1	5	1394	1	106	1395	Finish
1395	T5	1	5	1395	1	106	1396	Finish
1396	T1	0	10	1396	1	109	1397	 
1397	T1	0	10	1397	1	109	1398	 
1398	T1	0	10	1398	1	109	1399	 
1399	T1	0	10	1399	1	109	1400	 
1400	T1	0	10	1400	1	109	1401	 
1401	T1	0	10	1401	1	109	1402	 
1402	T1	0	10	1402	1	109	1403	 
1403	T1	0	10	1403	1	109	1404	 
1404	T1	0	10	1404	1	109	1405	 
1405	T1	0	10	1405	1	109	1406	Finish
1406	T1	0	10	1406	1	109	1407	Finish
1407	T1	0	10	1407	1	109	1408	Finish
1408	T1	0	10	1408	1	109	1409	Finish
1409	T1	0	10	1409	1	109	1410	Finish
1410	T1	0	10	1410	1	109	1411	Finish
1411	T1	0	10	1411	1	109	1412	Finish
1412	T1	0	10	1412	1	109	1413	Finish
1413	T1	0	10	1413	1	109	1414	Finish
1414	T1	0	10	1414	1	109	1415	Finish
1415	T1	0	10	1415	1	109	1416	Finish
1416	T1	0	10	1416	1	109	1417	Finish
1417	T1	0	10	1417	1	109	1418	Finish
1418	T1	0	10	1418	1	109	1419	Finish
1419	T1	0	10	1419	1	109	1420	Finish
1420	T1	0	10	1420	1	109	1421	Finish
1421	T1	0	10	1421	1	109	1422	Finish
1422	T1	0	10	1422	1	109	1423	Finish
1423	T1	0	10	1423	1	109	1424	Finish
1424	T1	0	10	1424	1	109	1425	Finish
1425	T1	0	10	1425	1	109	1426	Finish
1426	T1	0	10	1426	1	109	1427	Finish
1427	T1	0	10	1427	1	109	1428	Finish
1428	T1	0	10	1428	1	109	1429	Finish
1429	T1	0	10	1429	1	109	1430	Finish
1430	T1	0	10	1430	1	109	1431	Finish
1431	T1	0	10	1431	1	109	1432	Finish
1432	T1	0	10	1432	1	109	1433	Finish
1433	T1	0	10	1433	1	109	1434	Finish
1434	T1	0	10	1434	1	109	1435	Finish
1435	T1	0	10	1435	1	109	1436	Finish
1436	T1	0	10	1436	1	109	1437	Finish
1437	T1	0	10	1437	1	109	1438	Finish
1438	T1	0	10	1438	1	109	1439	Finish
1439	T1	0	10	1439	1	109	1440	Finish
1440	T1	0	10	1440	1	109	1441	Finish
1441	T1	0	10	1441	1	109	1442	Finish
1442	T1	0	10	1442	1	109	1443	Finish
1443	T1	0	10	1443	1	109	1444	Finish
1444	T1	0	10	1444	1	109	1445	Finish
1445	T1	0	10	1445	1	109	1446	Finish
1446	T1	0	10	1446	1	109	1447	Finish
1447	T1	0	10	1447	1	109	1448	Finish
1448	T1	0	10	1448	1	109	1449	Finish
1449	T1	0	10	1449	1	109	1450	Finish
1450	T1	0	10	1450	1	109	1451	Finish
1451	T1	0	10	1451	1	109	1452	Finish
1452	T1	0	10	1452	1	109	1453	Finish
1453	T1	0	10	1453	1	109	1454	Finish
1454	T1	0	10	1454	1	109	1455	Finish
1455	T1	0	10	1455	1	109	1456	Finish
1456	T1	0	10	1456	1	109	1457	Finish
1457	T1	0	10	1457	1	109	1458	Finish
1458	T1	0	10	1458	1	109	1459	Finish
1459	T1	0	10	1459	1	109	1460	Finish
1460	T1	0	10	1460	1	109	1461	Finish
1461	T1	0	10	1461	1	109	1462	Finish
1462	T1	0	10	1462	1	109	1463	Finish
1463	T1	0	10	1463	1	109	1464	Finish
1464	T1	0	10	1464	1	109	1465	Finish
1465	T1	0	10	1465	1	109	1466	Finish
1466	T1	0	10	1466	1	109	1467	Finish
1467	T1	0	10	1467	1	109	1468	Finish
1468	T1	0	10	1468	1	109	1469	Finish
1469	T1	0	10	1469	1	109	1470	Finish
1470	T1	0	10	1470	1	109	1471	Finish
1471	T1	0	10	1471	1	109	1472	Finish
1472	T1	0	10	1472	1	109	1473	Finish
1473	T1	0	10	1473	1	109	1474	Finish
1474	T1	0	10	1474	1	109	1475	Finish
1475	T1	0	10	1475	1	109	1476	Finish
1476	T1	0	10	1476	1	109	1477	Finish
1477	T1	0	10	1477	1	109	1478	Finish
1478	T1	0	10	1478	1	109	1479	Finish
1479	T1	0	10	1479	1	109	1480	Finish
1480	T1	0	10	1480	1	109	1481	Finish
1481	T1	0	10	1481	1	109	1482	Finish
1482	T1	0	10	1482	1	109	1483	Finish
1483	T1	0	10	1483	1	109	1484	Finish
1484	T1	0	10	1484	1	109	1485	Finish
1485	T1	0	10	1485	1	109	1486	Finish
1486	T1	0	10	1486	1	109	1487	Finish
1487	T1	0	10	1487	1	109	1488	Finish
1488	T1	0	10	1488	1	109	1489	Finish
1489	T1	0	10	1489	1	109	1490	Finish
1490	T1	0	10	1490	1	109	1491	Finish
1491	T1	0	10	1491	1	109	1492	Finish
1492	T1	0	10	1492	1	109	1493	Finish
1493	T1	0	10	1493	1	109	1494	Finish
1494	T1	0	10	1494	1	109	1495	Finish
1495	T1	0	10	1495	1	109	1496	Finish
1496	T1	0	10	1496	1	109	1497	Finish
1497	T1	0	10	1497	1	109	1498	Finish
1498	T1	0	10	1498	1	109	1499	Finish
1499	T1	0	10	1499	1	109	1500	Finish
1500	T1	0	10	1500	1	109	1501	Finish
1501	T1	0	10	1501	1	109	1502	Finish
1502	T1	0	10	1502	1	109	1503	Finish
1503	T1	0	10	1503	1	109	1504	Finish
1504	T1	0	10	1504	1	109	1505	Finish
1505	T3	0	10	1505	1	109	1506	 
1506	T3	0	10	1506	1	109	1507	 
1507	T3	0	10	1507	1	109	1508	 
1508	T3	0	10	1508	1	109	1509	 
1509	T3	0	10	1509	1	109	1510	 
1510	T3	0	10	1510	1	109	1511	 
1511	T3	0	10	1511	1	109	1512	 
1512	T3	0	10	1512	1	109	1513	 
1513	T3	0	10	1513	1	109	1514	 
1514	T3	0	10	1514	1	109	1515	Finish
1515	T3	0	10	1515	1	109	1516	Finish
1516	T3	0	10	1516	1	109	1517	Finish
1517	T3	0	10	1517	1	109	1518	Finish
1518	T3	0	10	1518	1	109	1519	Finish
1519	T3	0	10	1519	1	109	1520	Finish
1520	T3	0	10	1520	1	109	1521	Finish
1521	T3	0	10	1521	1	109	1522	Finish
1522	T3	0	10	1522	1	109	1523	Finish
1523	T3	0	10	1523	1	109	1524	Finish
1524	T3	0	10	1524	1	109	1525	Finish
1525	T3	0	10	1525	1	109	1526	Finish
1526	T3	0	10	1526	1	109	1527	Finish
1527	T3	0	10	1527	1	109	1528	Finish
1528	T3	0	10	1528	1	109	1529	Finish
1529	T3	0	10	1529	1	109	1530	Finish
1530	T3	0	10	1530	1	109	1531	Finish
1531	T3	0	10	1531	1	109	1532	Finish
1532	T3	0	10	1532	1	109	1533	Finish
1533	T3	0	10	1533	1	109	1534	Finish
1534	T3	0	10	1534	1	109	1535	Finish
1535	T3	0	10	1535	1	109	1536	Finish
1536	T3	0	10	1536	1	109	1537	Finish
1537	T3	0	10	1537	1	109	1538	Finish
1538	T3	0	10	1538	1	109	1539	Finish
1539	T3	0	10	1539	1	109	1540	Finish
1540	T3	0	10	1540	1	109	1541	Finish
1541	T3	0	10	1541	1	109	1542	Finish
1542	T3	0	10	1542	1	109	1543	Finish
1543	T3	0	10	1543	1	109	1544	Finish
1544	T3	0	10	1544	1	109	1545	Finish
1545	T3	0	10	1545	1	109	1546	Finish
1546	T3	0	10	1546	1	109	1547	Finish
1547	T3	0	10	1547	1	109	1548	Finish
1548	T3	0	10	1548	1	109	1549	Finish
1549	T3	0	10	1549	1	109	1550	Finish
1550	T3	0	10	1550	1	109	1551	Finish
1551	T3	0	10	1551	1	109	1552	Finish
1552	T3	0	10	1552	1	109	1553	Finish
1553	T3	0	10	1553	1	109	1554	Finish
1554	T3	0	10	1554	1	109	1555	Finish
1555	T3	0	10	1555	1	109	1556	Finish
1556	T3	0	10	1556	1	109	1557	Finish
1557	T3	0	10	1557	1	109	1558	Finish
1558	T3	0	10	1558	1	109	1559	Finish
1559	T3	0	10	1559	1	109	1560	Finish
1560	T3	0	10	1560	1	109	1561	Finish
1561	T3	0	10	1561	1	109	1562	Finish
1562	T3	0	10	1562	1	109	1563	Finish
1563	T3	0	10	1563	1	109	1564	Finish
1564	T3	0	10	1564	1	109	1565	Finish
1565	T3	0	10	1565	1	109	1566	Finish
1566	T3	0	10	1566	1	109	1567	Finish
1567	T3	0	10	1567	1	109	1568	Finish
1568	T3	0	10	1568	1	109	1569	Finish
1569	T3	0	10	1569	1	109	1570	Finish
1570	T3	0	10	1570	1	109	1571	Finish
1571	T3	0	10	1571	1	109	1572	Finish
1572	T3	0	10	1572	1	109	1573	Finish
1573	T3	0	10	1573	1	109	1574	Finish
1574	T3	0	10	1574	1	109	1575	Finish
1575	T3	0	10	1575	1	109	1576	Finish
1576	T3	0	10	1576	1	109	1577	Finish
1577	T3	0	10	1577	1	109	1578	Finish
1578	T3	0	10	1578	1	109	1579	Finish
1579	T3	0	10	1579	1	109	1580	Finish
1580	T3	0	10	1580	1	109	1581	Finish
1581	T3	0	10	1581	1	109	1582	Finish
1582	T3	0	10	1582	1	109	1583	Finish
1583	T3	0	10	1583	1	109	1584	Finish
1584	T3	0	10	1584	1	109	1585	Finish
1585	T3	0	10	1585	1	109	1586	Finish
1586	T3	0	10	1586	1	109	1587	Finish
1587	T3	0	10	1587	1	109	1588	Finish
1588	T3	0	10	1588	1	109	1589	Finish
1589	T3	0	10	1589	1	109	1590	Finish
1590	T3	0	10	1590	1	109	1591	Finish
1591	T3	0	10	1591	1	109	1592	Finish
1592	T3	0	10	1592	1	109	1593	Finish
1593	T3	0	10	1593	1	109	1594	Finish
1594	T3	0	10	1594	1	109	1595	Finish
1595	T3	0	10	1595	1	109	1596	Finish
1596	T3	0	10	1596	1	109	1597	Finish
1597	T3	0	10	1597	1	109	1598	Finish
1598	T3	0	10	1598	1	109	1599	Finish
1599	T3	0	10	1599	1	109	1600	Finish
1600	T3	0	10	1600	1	109	1601	Finish
1601	T3	0	10	1601	1	109	1602	Finish
1602	T3	0	10	1602	1	109	1603	Finish
1603	T3	0	10	1603	1	109	1604	Finish
1604	T3	0	10	1604	1	109	1605	Finish
1605	T3	0	10	1605	1	109	1606	Finish
1606	T3	0	10	1606	1	109	1607	Finish
1607	T3	0	10	1607	1	109	1608	Finish
1608	T3	0	10	1608	1	109	1609	Finish
1609	T3	0	10	1609	1	109	1610	Finish
1610	T3	0	10	1610	1	109	1611	Finish
1611	T3	0	10	1611	1	109	1612	Finish
1612	T3	0	10	1612	1	109	1613	Finish
1613	T3	0	10	1613	1	109	1614	Finish
1614	T6	0	6	1614	1	118	1615	 
1615	T6	0	6	1615	1	118	1616	 
1616	T6	0	6	1616	1	118	1617	 
1617	T6	0	6	1617	1	118	1618	 
1618	T6	0	6	1618	1	118	1619	 
1619	T6	0	6	1619	1	118	1620	Finish
1620	T6	0	6	1620	1	118	1621	Finish
1621	T6	0	6	1621	1	118	1622	Finish
1622	T6	0	6	1622	1	118	1623	Finish
1623	T6	0	6	1623	1	118	1624	Finish
1624	T6	0	6	1624	1	118	1625	Finish
1625	T6	0	6	1625	1	118	1626	Finish
1626	T6	0	6	1626	1	118	1627	Finish
1627	T6	0	6	1627	1	118	1628	Finish
1628	T6	0	6	1628	1	118	1629	Finish
1629	T6	0	6	1629	1	118	1630	Finish
1630	T6	0	6	1630	1	118	1631	Finish
1631	T6	0	6	1631	1	118	1632	Finish
1632	T6	0	6	1632	1	118	1633	Finish
1633	T6	0	6	1633	1	118	1634	Finish
1634	T6	0	6	1634	1	118	1635	Finish
1635	T6	0	6	1635	1	118	1636	Finish
1636	T6	0	6	1636	1	118	1637	Finish
1637	T6	0	6	1637	1	118	1638	Finish
1638	T6	0	6	1638	1	118	1639	Finish
1639	T6	0	6	1639	1	118	1640	Finish
1640	T6	0	6	1640	1	118	1641	Finish
1641	T6	0	6	1641	1	118	1642	Finish
1642	T6	0	6	1642	1	118	1643	Finish
1643	T6	0	6	1643	1	118	1644	Finish
1644	T6	0	6	1644	1	118	1645	Finish
1645	T6	0	6	1645	1	118	1646	Finish
1646	T6	0	6	1646	1	118	1647	Finish
1647	T6	0	6	1647	1	118	1648	Finish
1648	T6	0	6	1648	1	118	1649	Finish
1649	T6	0	6	1649	1	118	1650	Finish
1650	T6	0	6	1650	1	118	1651	Finish
1651	T6	0	6	1651	1	118	1652	Finish
1652	T6	0	6	1652	1	118	1653	Finish
1653	T6	0	6	1653	1	118	1654	Finish
1654	T6	0	6	1654	1	118	1655	Finish
1655	T6	0	6	1655	1	118	1656	Finish
1656	T6	0	6	1656	1	118	1657	Finish
1657	T6	0	6	1657	1	118	1658	Finish
1658	T6	0	6	1658	1	118	1659	Finish
1659	T6	0	6	1659	1	118	1660	Finish
1660	T6	0	6	1660	1	118	1661	Finish
1661	T6	0	6	1661	1	118	1662	Finish
1662	T6	0	6	1662	1	118	1663	Finish
1663	T6	0	6	1663	1	118	1664	Finish
1664	T6	0	6	1664	1	118	1665	Finish
1665	T6	0	6	1665	1	118	1666	Finish
1666	T6	0	6	1666	1	118	1667	Finish
1667	T6	0	6	1667	1	118	1668	Finish
1668	T6	0	6	1668	1	118	1669	Finish
1669	T6	0	6	1669	1	118	1670	Finish
1670	T6	0	6	1670	1	118	1671	Finish
1671	T6	0	6	1671	1	118	1672	Finish
1672	T6	0	6	1672	1	118	1673	Finish
1673	T6	0	6	1673	1	118	1674	Finish
1674	T6	0	6	1674	1	118	1675	Finish
1675	T6	0	6	1675	1	118	1676	Finish
1676	T6	0	6	1676	1	118	1677	Finish
1677	T6	0	6	1677	1	118	1678	Finish
1678	T6	0	6	1678	1	118	1679	Finish
1679	T6	0	6	1679	1	118	1680	Finish
1680	T6	0	6	1680	1	118	1681	Finish
1681	T6	0	6	1681	1	118	1682	Finish
1682	T6	0	6	1682	1	118	1683	Finish
1683	T6	0	6	1683	1	118	1684	Finish
1684	T6	0	6	1684	1	118	1685	Finish
1685	T6	0	6	1685	1	118	1686	Finish
1686	T6	0	6	1686	1	118	1687	Finish
1687	T6	0	6	1687	1	118	1688	Finish
1688	T6	0	6	1688	1	118	1689	Finish
1689	T6	0	6	1689	1	118	1690	Finish
1690	T6	0	6	1690	1	118	1691	Finish
1691	T6	0	6	1691	1	118	1692	Finish
1692	T6	0	6	1692	1	118	1693	Finish
1693	T6	0	6	1693	1	118	1694	Finish
1694	T6	0	6	1694	1	118	1695	Finish
1695	T6	0	6	1695	1	118	1696	Finish
1696	T6	0	6	1696	1	118	1697	Finish
1697	T6	0	6	1697	1	118	1698	Finish
1698	T6	0	6	1698	1	118	1699	Finish
1699	T6	0	6	1699	1	118	1700	Finish
1700	T6	0	6	1700	1	118	1701	Finish
1701	T6	0	6	1701	1	118	1702	Finish
1702	T6	0	6	1702	1	118	1703	Finish
1703	T6	0	6	1703	1	118	1704	Finish
1704	T6	0	6	1704	1	118	1705	Finish
1705	T6	0	6	1705	1	118	1706	Finish
1706	T6	0	6	1706	1	118	1707	Finish
1707	T6	0	6	1707	1	118	1708	Finish
1708	T6	0	6	1708	1	118	1709	Finish
1709	T6	0	6	1709	1	118	1710	Finish
1710	T6	0	6	1710	1	118	1711	Finish
1711	T6	0	6	1711	1	118	1712	Finish
1712	T6	0	6	1712	1	118	1713	Finish
1713	T6	0	6	1713	1	118	1714	Finish
1714	T6	0	6	1714	1	118	1715	Finish
1715	T6	0	6	1715	1	118	1716	Finish
1716	T6	0	6	1716	1	118	1717	Finish
1717	T6	0	6	1717	1	118	1718	Finish
1718	T6	0	6	1718	1	118	1719	Finish
1719	T6	0	6	1719	1	118	1720	Finish
1720	T6	0	6	1720	1	118	1721	Finish
1721	T6	0	6	1721	1	118	1722	Finish
1722	T6	0	6	1722	1	118	1723	Finish
1723	T6	0	6	1723	1	118	1724	Finish
1724	T6	0	6	1724	1	118	1725	Finish
1725	T6	0	6	1725	1	118	1726	Finish
1726	T6	0	6	1726	1	118	1727	Finish
1727	T6	0	6	1727	1	118	1728	Finish
1728	T6	0	6	1728	1	118	1729	Finish
1729	T6	0	6	1729	1	118	1730	Finish
1730	T6	0	6	1730	1	118	1731	Finish
1731	T6	0	6	1731	1	118	1732	Finish
1732	T5	1	5	1732	1	126	1733	 
1733	T5	1	5	1733	1	126	1734	 
1734	T5	1	5	1734	1	126	1735	 
1735	T5	1	5	1735	1	126	1736	 
1736	T5	1	5	1736	1	126	1737	Finish
1737	T5	1	5	1737	1	126	1738	Finish
1738	T5	1	5	1738	1	126	1739	Finish
1739	T5	1	5	1739	1	126	1740	Finish
1740	T5	1	5	1740	1	126	1741	Finish
1741	T5	1	5	1741	1	126	1742	Finish
1742	T5	1	5	1742	1	126	1743	Finish
1743	T5	1	5	1743	1	126	1744	Finish
1744	T5	1	5	1744	1	126	1745	Finish
1745	T5	1	5	1745	1	126	1746	Finish
1746	T5	1	5	1746	1	126	1747	Finish
1747	T5	1	5	1747	1	126	1748	Finish
1748	T5	1	5	1748	1	126	1749	Finish
1749	T5	1	5	1749	1	126	1750	Finish
1750	T5	1	5	1750	1	126	1751	Finish
1751	T5	1	5	1751	1	126	1752	Finish
1752	T5	1	5	1752	1	126	1753	Finish
1753	T5	1	5	1753	1	126	1754	Finish
1754	T5	1	5	1754	1	126	1755	Finish
1755	T5	1	5	1755	1	126	1756	Finish
1756	T5	1	5	1756	1	126	1757	Finish
1757	T5	1	5	1757	1	126	1758	Finish
1758	T5	1	5	1758	1	126	1759	Finish
1759	T5	1	5	1759	1	126	1760	Finish
1760	T5	1	5	1760	1	126	1761	Finish
1761	T5	1	5	1761	1	126	1762	Finish
1762	T5	1	5	1762	1	126	1763	Finish
1763	T5	1	5	1763	1	126	1764	Finish
1764	T5	1	5	1764	1	126	1765	Finish
1765	T5	1	5	1765	1	126	1766	Finish
1766	T5	1	5	1766	1	126	1767	Finish
1767	T5	1	5	1767	1	126	1768	Finish
1768	T5	1	5	1768	1	126	1769	Finish
1769	T5	1	5	1769	1	126	1770	Finish
1770	T5	1	5	1770	1	126	1771	Finish
1771	T5	1	5	1771	1	126	1772	Finish
1772	T5	1	5	1772	1	126	1773	Finish
1773	T5	1	5	1773	1	126	1774	Finish
1774	T5	1	5	1774	1	126	1775	Finish
1775	T5	1	5	1775	1	126	1776	Finish
1776	T5	1	5	1776	1	126	1777	Finish
1777	T5	1	5	1777	1	126	1778	Finish
1778	T5	1	5	1778	1	126	1779	Finish
1779	T5	1	5	1779	1	126	1780	Finish
1780	T5	1	5	1780	1	126	1781	Finish
1781	T5	1	5	1781	1	126	1782	Finish
1782	T5	1	5	1782	1	126	1783	Finish
1783	T5	1	5	1783	1	126	1784	Finish
1784	T5	1	5	1784	1	126	1785	Finish
1785	T5	1	5	1785	1	126	1786	Finish
1786	T5	1	5	1786	1	126	1787	Finish
1787	T5	1	5	1787	1	126	1788	Finish
1788	T5	1	5	1788	1	126	1789	Finish
1789	T5	1	5	1789	1	126	1790	Finish
1790	T5	1	5	1790	1	126	1791	Finish
1791	T5	1	5	1791	1	126	1792	Finish
1792	T5	1	5	1792	1	126	1793	Finish
1793	T5	1	5	1793	1	126	1794	Finish
1794	T5	1	5	1794	1	126	1795	Finish
1795	T5	1	5	1795	1	126	1796	Finish
1796	T5	1	5	1796	1	126	1797	Finish
1797	T5	1	5	1797	1	126	1798	Finish
1798	T5	1	5	1798	1	126	1799	Finish
1799	T5	1	5	1799	1	126	1800	Finish
1800	T5	1	5	1800	1	126	1801	Finish
1801	T5	1	5	1801	1	126	1802	Finish
1802	T5	1	5	1802	1	126	1803	Finish
1803	T5	1	5	1803	1	126	1804	Finish
1804	T5	1	5	1804	1	126	1805	Finish
1805	T5	1	5	1805	1	126	1806	Finish
1806	T5	1	5	1806	1	126	1807	Finish
1807	T5	1	5	1807	1	126	1808	Finish
1808	T5	1	5	1808	1	126	1809	Finish
1809	T5	1	5	1809	1	126	1810	Finish
1810	T5	1	5	1810	1	126	1811	Finish
1811	T5	1	5	1811	1	126	1812	Finish
1812	T5	1	5	1812	1	126	1813	Finish
1813	T5	1	5	1813	1	126	1814	Finish
1814	T5	1	5	1814	1	126	1815	Finish
1815	T5	1	5	1815	1	126	1816	Finish
1816	T5	1	5	1816	1	126	1817	Finish
1817	T5	1	5	1817	1	126	1818	Finish
1818	T5	1	5	1818	1	126	1819	Finish
1819	T5	1	5	1819	1	126	1820	Finish
1820	T5	1	5	1820	1	126	1821	Finish
1821	T5	1	5	1821	1	126	1822	Finish
1822	T5	1	5	1822	1	126	1823	Finish
1823	T5	1	5	1823	1	126	1824	Finish
1824	T5	1	5	1824	1	126	1825	Finish
1825	T5	1	5	1825	1	126	1826	Finish
1826	T5	1	5	1826	1	126	1827	Finish
1827	T5	1	5	1827	1	126	1828	Finish
1828	T5	1	5	1828	1	126	1829	Finish
1829	T5	1	5	1829	1	126	1830	Finish
1830	T5	1	5	1830	1	126	1831	Finish
1831	T5	1	5	1831	1	126	1832	Finish
1832	T5	1	5	1832	1	126	1833	Finish
1833	T5	1	5	1833	1	126	1834	Finish
1834	T5	1	5	1834	1	126	1835	Finish
1835	T5	1	5	1835	1	126	1836	Finish
1836	T5	1	5	1836	1	126	1837	Finish
1837	T5	1	5	1837	1	126	1838	Finish
1838	T5	1	5	1838	1	126	1839	Finish
1839	T5	1	5	1839	1	126	1840	Finish
1840	T5	1	5	1840	1	126	1841	Finish
1841	T5	1	5	1841	1	126	1842	Finish
1842	T5	1	5	1842	1	126	1843	Finish
1843	T5	1	5	1843	1	126	1844	Finish
1844	T5	1	5	1844	1	126	1845	Finish
1845	T5	1	5	1845	1	126	1846	Finish
1846	T5	1	5	1846	1	126	1847	Finish
1847	T5	1	5	1847	1	126	1848	Finish
1848	T5	1	5	1848	1	126	1849	Finish
1849	T5	1	5	1849	1	126	1850	Finish
1850	T5	1	5	1850	1	126	1851	Finish
1851	T5	1	5	1851	1	126	1852	Finish
1852	T5	1	5	1852	1	126	1853	Finish
1853	T5	1	5	1853	1	126	1854	Finish
1854	T5	1	5	1854	1	126	1855	Finish
1855	T5	1	5	1855	1	126	1856	Finish
1856	T5	1	5	1856	1	126	1857	Finish
1857	T4	1	10	1857	1	131	1858	 
1858	T4	1	10	1858	1	131	1859	 
1859	T4	1	10	1859	1	131	1860	 
1860	T4	1	10	1860	1	131	1861	 
1861	T4	1	10	1861	1	131	1862	 
1862	T4	1	10	1862	1	131	1863	 
1863	T4	1	10	1863	1	131	1864	 
1864	T4	1	10	1864	1	131	1865	 
1865	T4	1	10	1865	1	131	1866	 
1866	T4	1	10	1866	1	131	1867	Finish
1867	T4	1	10	1867	1	131	1868	Finish
1868	T4	1	10	1868	1	131	1869	Finish
1869	T4	1	10	1869	1	131	1870	Finish
1870	T4	1	10	1870	1	131	1871	Finish
1871	T4	1	10	1871	1	131	1872	Finish
1872	T4	1	10	1872	1	131	1873	Finish
1873	T4	1	10	1873	1	131	1874	Finish
1874	T4	1	10	1874	1	131	1875	Finish
1875	T4	1	10	1875	1	131	1876	Finish
1876	T4	1	10	1876	1	131	1877	Finish
1877	T4	1	10	1877	1	131	1878	Finish
1878	T4	1	10	1878	1	131	1879	Finish
1879	T4	1	10	1879	1	131	1880	Finish
1880	T4	1	10	1880	1	131	1881	Finish
1881	T4	1	10	1881	1	131	1882	Finish
1882	T4	1	10	1882	1	131	1883	Finish
1883	T4	1	10	1883	1	131	1884	Finish
1884	T4	1	10	1884	1	131	1885	Finish
1885	T4	1	10	1885	1	131	1886	Finish
1886	T4	1	10	1886	1	131	1887	Finish
1887	T4	1	10	1887	1	131	1888	Finish
1888	T4	1	10	1888	1	131	1889	Finish
1889	T4	1	10	1889	1	131	1890	Finish
1890	T4	1	10	1890	1	131	1891	Finish
1891	T4	1	10	1891	1	131	1892	Finish
1892	T4	1	10	1892	1	131	1893	Finish
1893	T4	1	10	1893	1	131	1894	Finish
1894	T4	1	10	1894	1	131	1895	Finish
1895	T4	1	10	1895	1	131	1896	Finish
1896	T4	1	10	1896	1	131	1897	Finish
1897	T4	1	10	1897	1	131	1898	Finish
1898	T4	1	10	1898	1	131	1899	Finish
1899	T4	1	10	1899	1	131	1900	Finish
1900	T4	1	10	1900	1	131	1901	Finish
1901	T4	1	10	1901	1	131	1902	Finish
1902	T4	1	10	1902	1	131	1903	Finish
1903	T4	1	10	1903	1	131	1904	Finish
1904	T4	1	10	1904	1	131	1905	Finish
1905	T4	1	10	1905	1	131	1906	Finish
1906	T4	1	10	1906	1	131	1907	Finish
1907	T4	1	10	1907	1	131	1908	Finish
1908	T4	1	10	1908	1	131	1909	Finish
1909	T4	1	10	1909	1	131	1910	Finish
1910	T4	1	10	1910	1	131	1911	Finish
1911	T4	1	10	1911	1	131	1912	Finish
1912	T4	1	10	1912	1	131	1913	Finish
1913	T4	1	10	1913	1	131	1914	Finish
1914	T4	1	10	1914	1	131	1915	Finish
1915	T4	1	10	1915	1	131	1916	Finish
1916	T4	1	10	1916	1	131	1917	Finish
1917	T4	1	10	1917	1	131	1918	Finish
1918	T4	1	10	1918	1	131	1919	Finish
1919	T4	1	10	1919	1	131	1920	Finish
1920	T4	1	10	1920	1	131	1921	Finish
1921	T4	1	10	1921	1	131	1922	Finish
1922	T4	1	10	1922	1	131	1923	Finish
1923	T4	1	10	1923	1	131	1924	Finish
1924	T4	1	10	1924	1	131	1925	Finish
1925	T4	1	10	1925	1	131	1926	Finish
1926	T4	1	10	1926	1	131	1927	Finish
1927	T4	1	10	1927	1	131	1928	Finish
1928	T4	1	10	1928	1	131	1929	Finish
1929	T4	1	10	1929	1	131	1930	Finish
1930	T4	1	10	1930	1	131	1931	Finish
1931	T4	1	10	1931	1	131	1932	Finish
1932	T4	1	10	1932	1	131	1933	Finish
1933	T4	1	10	1933	1	131	1934	Finish
1934	T4	1	10	1934	1	131	1935	Finish
1935	T4	1	10	1935	1	131	1936	Finish
1936	T4	1	10	1936	1	131	1937	Finish
1937	T4	1	10	1937	1	131	1938	Finish
1938	T4	1	10	1938	1	131	1939	Finish
1939	T4	1	10	1939	1	131	1940	Finish
1940	T4	1	10	1940	1	131	1941	Finish
1941	T4	1	10	1941	1	131	1942	Finish
1942	T4	1	10	1942	1	131	1943	Finish
1943	T4	1	10	1943	1	131	1944	Finish
1944	T4	1	10	1944	1	131	1945	Finish
1945	T4	1	10	1945	1	131	1946	Finish
1946	T4	1	10	1946	1	131	1947	Finish
1947	T4	1	10	1947	1	131	1948	Finish
1948	T4	1	10	1948	1	131	1949	Finish
1949	T4	1	10	1949	1	131	1950	Finish
1950	T4	1	10	1950	1	131	1951	Finish
1951	T4	1	10	1951	1	131	1952	Finish
1952	T4	1	10	1952	1	131	1953	Finish
1953	T4	1	10	1953	1	131	1954	Finish
1954	T4	1	10	1954	1	131	1955	Finish
1955	T4	1	10	1955	1	131	1956	Finish
1956	T4	1	10	1956	1	131	1957	Finish
1957	T4	1	10	1957	1	131	1958	Finish
1958	T4	1	10	1958	1	131	1959	Finish
1959	T4	1	10	1959	1	131	1960	Finish
1960	T4	1	10	1960	1	131	1961	Finish
1961	T4	1	10	1961	1	131	1962	Finish
1962	T4	1	10	1962	1	131	1963	Finish
1963	T4	1	10	1963	1	131	1964	Finish
1964	T4	1	10	1964	1	131	1965	Finish
1965	T4	1	10	1965	1	131	1966	Finish
1966	T4	1	10	1966	1	131	1967	Finish
1967	T4	1	10	1967	1	131	1968	Finish
1968	T4	1	10	1968	1	131	1969	Finish
1969	T4	1	10	1969	1	131	1970	Finish
1970	T4	1	10	1970	1	131	1971	Finish
1971	T4	1	10	1971	1	131	1972	Finish
1972	T4	1	10	1972	1	131	1973	Finish
1973	T4	1	10	1973	1	131	1974	Finish
1974	T4	1	10	1974	1	131	1975	Finish
1975	T4	1	10	1975	1	131	1976	Finish
1976	T4	1	10	1976	1	131	1977	Finish
1977	T4	1	10	1977	1	131	1978	Finish
1978	T4	1	10	1978	1	131	1979	Finish
1979	T4	1	10	1979	1	131	1980	Finish
1980	T4	1	10	1980	1	131	1981	Finish
1981	T4	1	10	1981	1	131	1982	Finish
1982	T4	1	10	1982	1	131	1983	Finish
1983	T4	1	10	1983	1	131	1984	Finish
1984	T4	1	10	1984	1	131	1985	Finish
1985	T4	1	10	1985	1	131	1986	Finish
1986	T4	1	10	1986	1	131	1987	Finish
1987	T6	0	6	1987	1	134	1988	 
1988	T6	0	6	1988	1	134	1989	 
1989	T6	0	6	1989	1	134	1990	 
1990	T6	0	6	1990	1	134	1991	 
1991	T6	0	6	1991	1	134	1992	 
1992	T6	0	6	1992	1	134	1993	Finish
1993	T6	0	6	1993	1	134	1994	Finish
1994	T6	0	6	1994	1	134	1995	Finish
1995	T6	0	6	1995	1	134	1996	Finish
1996	T6	0	6	1996	1	134	1997	Finish
1997	T6	0	6	1997	1	134	1998	Finish
1998	T6	0	6	1998	1	134	1999	Finish
1999	T6	0	6	1999	1	134	2000	Finish
2000	T6	0	6	2000	1	134	2001	Finish
2001	T6	0	6	2001	1	134	2002	Finish
2002	T6	0	6	2002	1	134	2003	Finish
2003	T6	0	6	2003	1	134	2004	Finish
2004	T6	0	6	2004	1	134	2005	Finish
2005	T6	0	6	2005	1	134	2006	Finish
2006	T6	0	6	2006	1	134	2007	Finish
2007	T6	0	6	2007	1	134	2008	Finish
2008	T6	0	6	2008	1	134	2009	Finish
2009	T6	0	6	2009	1	134	2010	Finish
2010	T6	0	6	2010	1	134	2011	Finish
2011	T6	0	6	2011	1	134	2012	Finish
2012	T6	0	6	2012	1	134	2013	Finish
2013	T6	0	6	2013	1	134	2014	Finish
2014	T6	0	6	2014	1	134	2015	Finish
2015	T6	0	6	2015	1	134	2016	Finish
2016	T6	0	6	2016	1	134	2017	Finish
2017	T6	0	6	2017	1	134	2018	Finish
2018	T6	0	6	2018	1	134	2019	Finish
2019	T6	0	6	2019	1	134	2020	Finish
2020	T6	0	6	2020	1	134	2021	Finish
2021	T6	0	6	2021	1	134	2022	Finish
2022	T6	0	6	2022	1	134	2023	Finish
2023	T6	0	6	2023	1	134	2024	Finish
2024	T6	0	6	2024	1	134	2025	Finish
2025	T6	0	6	2025	1	134	2026	Finish
2026	T6	0	6	2026	1	134	2027	Finish
2027	T6	0	6	2027	1	134	2028	Finish
2028	T6	0	6	2028	1	134	2029	Finish
2029	T6	0	6	2029	1	134	2030	Finish
2030	T6	0	6	2030	1	134	2031	Finish
2031	T6	0	6	2031	1	134	2032	Finish
2032	T6	0	6	2032	1	134	2033	Finish
2033	T6	0	6	2033	1	134	2034	Finish
2034	T6	0	6	2034	1	134	2035	Finish
2035	T6	0	6	2035	1	134	2036	Finish
2036	T6	0	6	2036	1	134	2037	Finish
2037	T6	0	6	2037	1	134	2038	Finish
2038	T6	0	6	2038	1	134	2039	Finish
2039	T6	0	6	2039	1	134	2040	Finish
2040	T6	0	6	2040	1	134	2041	Finish
2041	T6	0	6	2041	1	134	2042	Finish
2042	T6	0	6	2042	1	134	2043	Finish
2043	T6	0	6	2043	1	134	2044	Finish
2044	T6	0	6	2044	1	134	2045	Finish
2045	T6	0	6	2045	1	134	2046	Finish
2046	T6	0	6	2046	1	134	2047	Finish
2047	T6	0	6	2047	1	134	2048	Finish
2048	T6	0	6	2048	1	134	2049	Finish
2049	T6	0	6	2049	1	134	2050	Finish
2050	T6	0	6	2050	1	134	2051	Finish
2051	T6	0	6	2051	1	134	2052	Finish
2052	T6	0	6	2052	1	134	2053	Finish
2053	T6	0	6	2053	1	134	2054	Finish
2054	T6	0	6	2054	1	134	2055	Finish
2055	T6	0	6	2055	1	134	2056	Finish
2056	T6	0	6	2056	1	134	2057	Finish
2057	T6	0	6	2057	1	134	2058	Finish
2058	T6	0	6	2058	1	134	2059	Finish
2059	T6	0	6	2059	1	134	2060	Finish
2060	T6	0	6	2060	1	134	2061	Finish
2061	T6	0	6	2061	1	134	2062	Finish
2062	T6	0	6	2062	1	134	2063	Finish
2063	T6	0	6	2063	1	134	2064	Finish
2064	T6	0	6	2064	1	134	2065	Finish
2065	T6	0	6	2065	1	134	2066	Finish
2066	T6	0	6	2066	1	134	2067	Finish
2067	T6	0	6	2067	1	134	2068	Finish
2068	T6	0	6	2068	1	134	2069	Finish
2069	T6	0	6	2069	1	134	2070	Finish
2070	T6	0	6	2070	1	134	2071	Finish
2071	T6	0	6	2071	1	134	2072	Finish
2072	T6	0	6	2072	1	134	2073	Finish
2073	T6	0	6	2073	1	134	2074	Finish
2074	T6	0	6	2074	1	134	2075	Finish
2075	T6	0	6	2075	1	134	2076	Finish
2076	T6	0	6	2076	1	134	2077	Finish
2077	T6	0	6	2077	1	134	2078	Finish
2078	T6	0	6	2078	1	134	2079	Finish
2079	T6	0	6	2079	1	134	2080	Finish
2080	T6	0	6	2080	1	134	2081	Finish
2081	T6	0	6	2081	1	134	2082	Finish
2082	T6	0	6	2082	1	134	2083	Finish
2083	T6	0	6	2083	1	134	2084	Finish
2084	T6	0	6	2084	1	134	2085	Finish
2085	T6	0	6	2085	1	134	2086	Finish
2086	T6	0	6	2086	1	134	2087	Finish
2087	T6	0	6	2087	1	134	2088	Finish
2088	T6	0	6	2088	1	134	2089	Finish
2089	T6	0	6	2089	1	134	2090	Finish
2090	T6	0	6	2090	1	134	2091	Finish
2091	T6	0	6	2091	1	134	2092	Finish
2092	T6	0	6	2092	1	134	2093	Finish
2093	T6	0	6	2093	1	134	2094	Finish
2094	T6	0	6	2094	1	134	2095	Finish
2095	T6	0	6	2095	1	134	2096	Finish
2096	T6	0	6	2096	1	134	2097	Finish
2097	T6	0	6	2097	1	134	2098	Finish
2098	T6	0	6	2098	1	134	2099	Finish
2099	T6	0	6	2099	1	134	2100	Finish
2100	T6	0	6	2100	1	134	2101	Finish
2101	T6	0	6	2101	1	134	2102	Finish
2102	T6	0	6	2102	1	134	2103	Finish
2103	T6	0	6	2103	1	134	2104	Finish
2104	T6	0	6	2104	1	134	2105	Finish
2105	T6	0	6	2105	1	134	2106	Finish
2106	T6	0	6	2106	1	134	2107	Finish
2107	T6	0	6	2107	1	134	2108	Finish
2108	T6	0	6	2108	1	134	2109	Finish
2109	T6	0	6	2109	1	134	2110	Finish
2110	T6	0	6	2110	1	134	2111	Finish
2111	T6	0	6	2111	1	134	2112	Finish
2112	T6	0	6	2112	1	134	2113	Finish
2113	T6	0	6	2113	1	134	2114	Finish
2114	T6	0	6	2114	1	134	2115	Finish
2115	T6	0	6	2115	1	134	2116	Finish
2116	T6	0	6	2116	1	134	2117	Finish
2117	T6	0	6	2117	1	134	2118	Finish
2118	T6	0	6	2118	1	134	2119	Finish
2119	T6	0	6	2119	1	134	2120	Finish
2120	T6	0	6	2120	1	134	2121	Finish
2121	T2	0	3	2121	1	135	2122	 
2122	T2	0	3	2122	1	135	2123	 
2123	T2	0	3	2123	1	135	2124	Finish
2124	T2	0	3	2124	1	135	2125	Finish
2125	T2	0	3	2125	1	135	2126	Finish
2126	T2	0	3	2126	1	135	2127	Finish
2127	T2	0	3	2127	1	135	2128	Finish
2128	T2	0	3	2128	1	135	2129	Finish
2129	T2	0	3	2129	1	135	2130	Finish
2130	T2	0	3	2130	1	135	2131	Finish
2131	T2	0	3	2131	1	135	2132	Finish
2132	T2	0	3	2132	1	135	2133	Finish
2133	T2	0	3	2133	1	135	2134	Finish
2134	T2	0	3	2134	1	135	2135	Finish
2135	T2	0	3	2135	1	135	2136	Finish
2136	T2	0	3	2136	1	135	2137	Finish
2137	T2	0	3	2137	1	135	2138	Finish
2138	T2	0	3	2138	1	135	2139	Finish
2139	T2	0	3	2139	1	135	2140	Finish
2140	T2	0	3	2140	1	135	2141	Finish
2141	T2	0	3	2141	1	135	2142	Finish
2142	T2	0	3	2142	1	135	2143	Finish
2143	T2	0	3	2143	1	135	2144	Finish
2144	T2	0	3	2144	1	135	2145	Finish
2145	T2	0	3	2145	1	135	2146	Finish
2146	T2	0	3	2146	1	135	2147	Finish
2147	T2	0	3	2147	1	135	2148	Finish
2148	T2	0	3	2148	1	135	2149	Finish
2149	T2	0	3	2149	1	135	2150	Finish
2150	T2	0	3	2150	1	135	2151	Finish
2151	T2	0	3	2151	1	135	2152	Finish
2152	T2	0	3	2152	1	135	2153	Finish
2153	T2	0	3	2153	1	135	2154	Finish
2154	T2	0	3	2154	1	135	2155	Finish
2155	T2	0	3	2155	1	135	2156	Finish
2156	T2	0	3	2156	1	135	2157	Finish
2157	T2	0	3	2157	1	135	2158	Finish
2158	T2	0	3	2158	1	135	2159	Finish
2159	T2	0	3	2159	1	135	2160	Finish
2160	T2	0	3	2160	1	135	2161	Finish
2161	T2	0	3	2161	1	135	2162	Finish
2162	T2	0	3	2162	1	135	2163	Finish
2163	T2	0	3	2163	1	135	2164	Finish
2164	T2	0	3	2164	1	135	2165	Finish
2165	T2	0	3	2165	1	135	2166	Finish
2166	T2	0	3	2166	1	135	2167	Finish
2167	T2	0	3	2167	1	135	2168	Finish
2168	T2	0	3	2168	1	135	2169	Finish
2169	T2	0	3	2169	1	135	2170	Finish
2170	T2	0	3	2170	1	135	2171	Finish
2171	T2	0	3	2171	1	135	2172	Finish
2172	T2	0	3	2172	1	135	2173	Finish
2173	T2	0	3	2173	1	135	2174	Finish
2174	T2	0	3	2174	1	135	2175	Finish
2175	T2	0	3	2175	1	135	2176	Finish
2176	T2	0	3	2176	1	135	2177	Finish
2177	T2	0	3	2177	1	135	2178	Finish
2178	T2	0	3	2178	1	135	2179	Finish
2179	T2	0	3	2179	1	135	2180	Finish
2180	T2	0	3	2180	1	135	2181	Finish
2181	T2	0	3	2181	1	135	2182	Finish
2182	T2	0	3	2182	1	135	2183	Finish
2183	T2	0	3	2183	1	135	2184	Finish
2184	T2	0	3	2184	1	135	2185	Finish
2185	T2	0	3	2185	1	135	2186	Finish
2186	T2	0	3	2186	1	135	2187	Finish
2187	T2	0	3	2187	1	135	2188	Finish
2188	T2	0	3	2188	1	135	2189	Finish
2189	T2	0	3	2189	1	135	2190	Finish
2190	T2	0	3	2190	1	135	2191	Finish
2191	T2	0	3	2191	1	135	2192	Finish
2192	T2	0	3	2192	1	135	2193	Finish
2193	T2	0	3	2193	1	135	2194	Finish
2194	T2	0	3	2194	1	135	2195	Finish
2195	T2	0	3	2195	1	135	2196	Finish
2196	T2	0	3	2196	1	135	2197	Finish
2197	T2	0	3	2197	1	135	2198	Finish
2198	T2	0	3	2198	1	135	2199	Finish
2199	T2	0	3	2199	1	135	2200	Finish
2200	T2	0	3	2200	1	135	2201	Finish
2201	T2	0	3	2201	1	135	2202	Finish
2202	T2	0	3	2202	1	135	2203	Finish
2203	T2	0	3	2203	1	135	2204	Finish
2204	T2	0	3	2204	1	135	2205	Finish
2205	T2	0	3	2205	1	135	2206	Finish
2206	T2	0	3	2206	1	135	2207	Finish
2207	T2	0	3	2207	1	135	2208	Finish
2208	T2	0	3	2208	1	135	2209	Finish
2209	T2	0	3	2209	1	135	2210	Finish
2210	T2	0	3	2210	1	135	2211	Finish
2211	T2	0	3	2211	1	135	2212	Finish
2212	T2	0	3	2212	1	135	2213	Finish
2213	T2	0	3	2213	1	135	2214	Finish
2214	T2	0	3	2214	1	135	2215	Finish
2215	T2	0	3	2215	1	135	2216	Finish
2216	T2	0	3	2216	1	135	2217	Finish
2217	T2	0	3	2217	1	135	2218	Finish
2218	T2	0	3	2218	1	135	2219	Finish
2219	T2	0	3	2219	1	135	2220	Finish
2220	T2	0	3	2220	1	135	2221	Finish
2221	T2	0	3	2221	1	135	2222	Finish
2222	T2	0	3	2222	1	135	2223	Finish
2223	T2	0	3	2223	1	135	2224	Finish
2224	T2	0	3	2224	1	135	2225	Finish
2225	T2	0	3	2225	1	135	2226	Finish
2226	T2	0	3	2226	1	135	2227	Finish
2227	T2	0	3	2227	1	135	2228	Finish
2228	T2	0	3	2228	1	135	2229	Finish
2229	T2	0	3	2229	1	135	2230	Finish
2230	T2	0	3	2230	1	135	2231	Finish
2231	T2	0	3	2231	1	135	2232	Finish
2232	T2	0	3	2232	1	135	2233	Finish
2233	T2	0	3	2233	1	135	2234	Finish
2234	T2	0	3	2234	1	135	2235	Finish
2235	T2	0	3	2235	1	135	2236	Finish
2236	T2	0	3	2236	1	135	2237	Finish
2237	T2	0	3	2237	1	135	2238	Finish
2238	T2	0	3	2238	1	135	2239	Finish
2239	T2	0	3	2239	1	135	2240	Finish
2240	T2	0	3	2240	1	135	2241	Finish
2241	T2	0	3	2241	1	135	2242	Finish
2242	T2	0	3	2242	1	135	2243	Finish
2243	T2	0	3	2243	1	135	2244	Finish
2244	T2	0	3	2244	1	135	2245	Finish
2245	T2	0	3	2245	1	135	2246	Finish
2246	T2	0	3	2246	1	135	2247	Finish
2247	T2	0	3	2247	1	135	2248	Finish
2248	T2	0	3	2248	1	135	2249	Finish
2249	T2	0	3	2249	1	135	2250	Finish
2250	T2	0	3	2250	1	135	2251	Finish
2251	T2	0	3	2251	1	135	2252	Finish
2252	T2	0	3	2252	1	135	2253	Finish
2253	T2	0	3	2253	1	135	2254	Finish
2254	T2	0	3	2254	1	135	2255	Finish
2255	T2	0	3	2255	1	135	2256	Finish
2256	T1	0	10	2256	1	142	2257	 
2257	T1	0	10	2257	1	142	2258	 
2258	T1	0	10	2258	1	142	2259	 
2259	T1	0	10	2259	1	142	2260	 
2260	T1	0	10	2260	1	142	2261	 
2261	T1	0	10	2261	1	142	2262	 
2262	T1	0	10	2262	1	142	2263	 
2263	T1	0	10	2263	1	142	2264	 
2264	T1	0	10	2264	1	142	2265	 
2265	T1	0	10	2265	1	142	2266	Finish
2266	T1	0	10	2266	1	142	2267	Finish
2267	T1	0	10	2267	1	142	2268	Finish
2268	T1	0	10	2268	1	142	2269	Finish
2269	T1	0	10	2269	1	142	2270	Finish
2270	T1	0	10	2270	1	142	2271	Finish
2271	T1	0	10	2271	1	142	2272	Finish
2272	T1	0	10	2272	1	142	2273	Finish
2273	T1	0	10	2273	1	142	2274	Finish
2274	T1	0	10	2274	1	142	2275	Finish
2275	T1	0	10	2275	1	142	2276	Finish
2276	T1	0	10	2276	1	142	2277	Finish
2277	T1	0	10	2277	1	142	2278	Finish
2278	T1	0	10	2278	1	142	2279	Finish
2279	T1	0	10	2279	1	142	2280	Finish
2280	T1	0	10	2280	1	142	2281	Finish
2281	T1	0	10	2281	1	142	2282	Finish
2282	T1	0	10	2282	1	142	2283	Finish
2283	T1	0	10	2283	1	142	2284	Finish
2284	T1	0	10	2284	1	142	2285	Finish
2285	T1	0	10	2285	1	142	2286	Finish
2286	T1	0	10	2286	1	142	2287	Finish
2287	T1	0	10	2287	1	142	2288	Finish
2288	T1	0	10	2288	1	142	2289	Finish
2289	T1	0	10	2289	1	142	2290	Finish
2290	T1	0	10	2290	1	142	2291	Finish
2291	T1	0	10	2291	1	142	2292	Finish
2292	T1	0	10	2292	1	142	2293	Finish
2293	T1	0	10	2293	1	142	2294	Finish
2294	T1	0	10	2294	1	142	2295	Finish
2295	T1	0	10	2295	1	142	2296	Finish
2296	T1	0	10	2296	1	142	2297	Finish
2297	T1	0	10	2297	1	142	2298	Finish
2298	T1	0	10	2298	1	142	2299	Finish
2299	T1	0	10	2299	1	142	2300	Finish
2300	T1	0	10	2300	1	142	2301	Finish
2301	T1	0	10	2301	1	142	2302	Finish
2302	T1	0	10	2302	1	142	2303	Finish
2303	T1	0	10	2303	1	142	2304	Finish
2304	T1	0	10	2304	1	142	2305	Finish
2305	T1	0	10	2305	1	142	2306	Finish
2306	T1	0	10	2306	1	142	2307	Finish
2307	T1	0	10	2307	1	142	2308	Finish
2308	T1	0	10	2308	1	142	2309	Finish
2309	T1	0	10	2309	1	142	2310	Finish
2310	T1	0	10	2310	1	142	2311	Finish
2311	T1	0	10	2311	1	142	2312	Finish
2312	T1	0	10	2312	1	142	2313	Finish
2313	T1	0	10	2313	1	142	2314	Finish
2314	T1	0	10	2314	1	142	2315	Finish
2315	T1	0	10	2315	1	142	2316	Finish
2316	T1	0	10	2316	1	142	2317	Finish
2317	T1	0	10	2317	1	142	2318	Finish
2318	T1	0	10	2318	1	142	2319	Finish
2319	T1	0	10	2319	1	142	2320	Finish
2320	T1	0	10	2320	1	142	2321	Finish
2321	T1	0	10	2321	1	142	2322	Finish
2322	T1	0	10	2322	1	142	2323	Finish
2323	T1	0	10	2323	1	142	2324	Finish
2324	T1	0	10	2324	1	142	2325	Finish
2325	T1	0	10	2325	1	142	2326	Finish
2326	T1	0	10	2326	1	142	2327	Finish
2327	T1	0	10	2327	1	142	2328	Finish
2328	T1	0	10	2328	1	142	2329	Finish
2329	T1	0	10	2329	1	142	2330	Finish
2330	T1	0	10	2330	1	142	2331	Finish
2331	T1	0	10	2331	1	142	2332	Finish
2332	T1	0	10	2332	1	142	2333	Finish
2333	T1	0	10	2333	1	142	2334	Finish
2334	T1	0	10	2334	1	142	2335	Finish
2335	T1	0	10	2335	1	142	2336	Finish
2336	T1	0	10	2336	1	142	2337	Finish
2337	T1	0	10	2337	1	142	2338	Finish
2338	T1	0	10	2338	1	142	2339	Finish
2339	T1	0	10	2339	1	142	2340	Finish
2340	T1	0	10	2340	1	142	2341	Finish
2341	T1	0	10	2341	1	142	2342	Finish
2342	T1	0	10	2342	1	142	2343	Finish
2343	T1	0	10	2343	1	142	2344	Finish
2344	T1	0	10	2344	1	142	2345	Finish
2345	T1	0	10	2345	1	142	2346	Finish
2346	T1	0	10	2346	1	142	2347	Finish
2347	T1	0	10	2347	1	142	2348	Finish
2348	T1	0	10	2348	1	142	2349	Finish
2349	T1	0	10	2349	1	142	2350	Finish
2350	T1	0	10	2350	1	142	2351	Finish
2351	T1	0	10	2351	1	142	2352	Finish
2352	T1	0	10	2352	1	142	2353	Finish
2353	T1	0	10	2353	1	142	2354	Finish
2354	T1	0	10	2354	1	142	2355	Finish
2355	T1	0	10	2355	1	142	2356	Finish
2356	T1	0	10	2356	1	142	2357	Finish
2357	T1	0	10	2357	1	142	2358	Finish
2358	T1	0	10	2358	1	142	2359	Finish
2359	T1	0	10	2359	1	142	2360	Finish
2360	T1	0	10	2360	1	142	2361	Finish
2361	T1	0	10	2361	1	142	2362	Finish
2362	T1	0	10	2362	1	142	2363	Finish
2363	T1	0	10	2363	1	142	2364	Finish
2364	T1	0	10	2364	1	142	2365	Finish
2365	T1	0	10	2365	1	142	2366	Finish
2366	T1	0	10	2366	1	142	2367	Finish
2367	T1	0	10	2367	1	142	2368	Finish
2368	T1	0	10	2368	1	142	2369	Finish
2369	T1	0	10	2369	1	142	2370	Finish
2370	T1	0	10	2370	1	142	2371	Finish
2371	T1	0	10	2371	1	142	2372	Finish
2372	T1	0	10	2372	1	142	2373	Finish
2373	T1	0	10	2373	1	142	2374	Finish
2374	T1	0	10	2374	1	142	2375	Finish
2375	T1	0	10	2375	1	142	2376	Finish
2376	T1	0	10	2376	1	142	2377	Finish
2377	T1	0	10	2377	1	142	2378	Finish
2378	T1	0	10	2378	1	142	2379	Finish
2379	T1	0	10	2379	1	142	2380	Finish
2380	T1	0	10	2380	1	142	2381	Finish
2381	T1	0	10	2381	1	142	2382	Finish
2382	T1	0	10	2382	1	142	2383	Finish
2383	T1	0	10	2383	1	142	2384	Finish
2384	T1	0	10	2384	1	142	2385	Finish
2385	T1	0	10	2385	1	142	2386	Finish
2386	T1	0	10	2386	1	142	2387	Finish
2387	T1	0	10	2387	1	142	2388	Finish
2388	T1	0	10	2388	1	142	2389	Finish
2389	T1	0	10	2389	1	142	2390	Finish
2390	T1	0	10	2390	1	142	2391	Finish
2391	T1	0	10	2391	1	142	2392	Finish
2392	T1	0	10	2392	1	142	2393	Finish
2393	T1	0	10	2393	1	142	2394	Finish
2394	T1	0	10	2394	1	142	2395	Finish
2395	T1	0	10	2395	1	142	2396	Finish
2396	T1	0	10	2396	1	142	2397	Finish
2397	T1	0	10	2397	1	142	2398	Finish
2398	T3	0	10	2398	1	142	2399	 
2399	T3	0	10	2399	1	142	2400	 
2400	T3	0	10	2400	1	142	2401	 
2401	T3	0	10	2401	1	142	2402	 
2402	T3	0	10	2402	1	142	2403	 
2403	T3	0	10	2403	1	142	2404	 
2404	T3	0	10	2404	1	142	2405	 
2405	T3	0	10	2405	1	142	2406	 
2406	T3	0	10	2406	1	142	2407	 
2407	T3	0	10	2407	1	142	2408	Finish
2408	T3	0	10	2408	1	142	2409	Finish
2409	T3	0	10	2409	1	142	2410	Finish
2410	T3	0	10	2410	1	142	2411	Finish
2411	T3	0	10	2411	1	142	2412	Finish
2412	T3	0	10	2412	1	142	2413	Finish
2413	T3	0	10	2413	1	142	2414	Finish
2414	T3	0	10	2414	1	142	2415	Finish
2415	T3	0	10	2415	1	142	2416	Finish
2416	T3	0	10	2416	1	142	2417	Finish
2417	T3	0	10	2417	1	142	2418	Finish
2418	T3	0	10	2418	1	142	2419	Finish
2419	T3	0	10	2419	1	142	2420	Finish
2420	T3	0	10	2420	1	142	2421	Finish
2421	T3	0	10	2421	1	142	2422	Finish
2422	T3	0	10	2422	1	142	2423	Finish
2423	T3	0	10	2423	1	142	2424	Finish
2424	T3	0	10	2424	1	142	2425	Finish
2425	T3	0	10	2425	1	142	2426	Finish
2426	T3	0	10	2426	1	142	2427	Finish
2427	T3	0	10	2427	1	142	2428	Finish
2428	T3	0	10	2428	1	142	2429	Finish
2429	T3	0	10	2429	1	142	2430	Finish
2430	T3	0	10	2430	1	142	2431	Finish
2431	T3	0	10	2431	1	142	2432	Finish
2432	T3	0	10	2432	1	142	2433	Finish
2433	T3	0	10	2433	1	142	2434	Finish
2434	T3	0	10	2434	1	142	2435	Finish
2435	T3	0	10	2435	1	142	2436	Finish
2436	T3	0	10	2436	1	142	2437	Finish
2437	T3	0	10	2437	1	142	2438	Finish
2438	T3	0	10	2438	1	142	2439	Finish
2439	T3	0	10	2439	1	142	2440	Finish
2440	T3	0	10	2440	1	142	2441	Finish
2441	T3	0	10	2441	1	142	2442	Finish
2442	T3	0	10	2442	1	142	2443	Finish
2443	T3	0	10	2443	1	142	2444	Finish
2444	T3	0	10	2444	1	142	2445	Finish
2445	T3	0	10	2445	1	142	2446	Finish
2446	T3	0	10	2446	1	142	2447	Finish
2447	T3	0	10	2447	1	142	2448	Finish
2448	T3	0	10	2448	1	142	2449	Finish
2449	T3	0	10	2449	1	142	2450	Finish
2450	T3	0	10	2450	1	142	2451	Finish
2451	T3	0	10	2451	1	142	2452	Finish
2452	T3	0	10	2452	1	142	2453	Finish
2453	T3	0	10	2453	1	142	2454	Finish
2454	T3	0	10	2454	1	142	2455	Finish
2455	T3	0	10	2455	1	142	2456	Finish
2456	T3	0	10	2456	1	142	2457	Finish
2457	T3	0	10	2457	1	142	2458	Finish
2458	T3	0	10	2458	1	142	2459	Finish
2459	T3	0	10	2459	1	142	2460	Finish
2460	T3	0	10	2460	1	142	2461	Finish
2461	T3	0	10	2461	1	142	2462	Finish
2462	T3	0	10	2462	1	142	2463	Finish
2463	T3	0	10	2463	1	142	2464	Finish
2464	T3	0	10	2464	1	142	2465	Finish
2465	T3	0	10	2465	1	142	2466	Finish
2466	T3	0	10	2466	1	142	2467	Finish
2467	T3	0	10	2467	1	142	2468	Finish
2468	T3	0	10	2468	1	142	2469	Finish
2469	T3	0	10	2469	1	142	2470	Finish
2470	T3	0	10	2470	1	142	2471	Finish
2471	T3	0	10	2471	1	142	2472	Finish
2472	T3	0	10	2472	1	142	2473	Finish
2473	T3	0	10	2473	1	142	2474	Finish
2474	T3	0	10	2474	1	142	2475	Finish
2475	T3	0	10	2475	1	142	2476	Finish
2476	T3	0	10	2476	1	142	2477	Finish
2477	T3	0	10	2477	1	142	2478	Finish
2478	T3	0	10	2478	1	142	2479	Finish
2479	T3	0	10	2479	1	142	2480	Finish
2480	T3	0	10	2480	1	142	2481	Finish
2481	T3	0	10	2481	1	142	2482	Finish
2482	T3	0	10	2482	1	142	2483	Finish
2483	T3	0	10	2483	1	142	2484	Finish
2484	T3	0	10	2484	1	142	2485	Finish
2485	T3	0	10	2485	1	142	2486	Finish
2486	T3	0	10	2486	1	142	2487	Finish
2487	T3	0	10	2487	1	142	2488	Finish
2488	T3	0	10	2488	1	142	2489	Finish
2489	T3	0	10	2489	1	142	2490	Finish
2490	T3	0	10	2490	1	142	2491	Finish
2491	T3	0	10	2491	1	142	2492	Finish
2492	T3	0	10	2492	1	142	2493	Finish
2493	T3	0	10	2493	1	142	2494	Finish
2494	T3	0	10	2494	1	142	2495	Finish
2495	T3	0	10	2495	1	142	2496	Finish
2496	T3	0	10	2496	1	142	2497	Finish
2497	T3	0	10	2497	1	142	2498	Finish
2498	T3	0	10	2498	1	142	2499	Finish
2499	T3	0	10	2499	1	142	2500	Finish
2500	T3	0	10	2500	1	142	2501	Finish
2501	T3	0	10	2501	1	142	2502	Finish
2502	T3	0	10	2502	1	142	2503	Finish
2503	T3	0	10	2503	1	142	2504	Finish
2504	T3	0	10	2504	1	142	2505	Finish
2505	T3	0	10	2505	1	142	2506	Finish
2506	T3	0	10	2506	1	142	2507	Finish
2507	T3	0	10	2507	1	142	2508	Finish
2508	T3	0	10	2508	1	142	2509	Finish
2509	T3	0	10	2509	1	142	2510	Finish
2510	T3	0	10	2510	1	142	2511	Finish
2511	T3	0	10	2511	1	142	2512	Finish
2512	T3	0	10	2512	1	142	2513	Finish
2513	T3	0	10	2513	1	142	2514	Finish
2514	T3	0	10	2514	1	142	2515	Finish
2515	T3	0	10	2515	1	142	2516	Finish
2516	T3	0	10	2516	1	142	2517	Finish
2517	T3	0	10	2517	1	142	2518	Finish
2518	T3	0	10	2518	1	142	2519	Finish
2519	T3	0	10	2519	1	142	2520	Finish
2520	T3	0	10	2520	1	142	2521	Finish
2521	T3	0	10	2521	1	142	2522	Finish
2522	T3	0	10	2522	1	142	2523	Finish
2523	T3	0	10	2523	1	142	2524	Finish
2524	T3	0	10	2524	1	142	2525	Finish
2525	T3	0	10	2525	1	142	2526	Finish
2526	T3	0	10	2526	1	142	2527	Finish
2527	T3	0	10	2527	1	142	2528	Finish
2528	T3	0	10	2528	1	142	2529	Finish
2529	T3	0	10	2529	1	142	2530	Finish
2530	T3	0	10	2530	1	142	2531	Finish
2531	T3	0	10	2531	1	142	2532	Finish
2532	T3	0	10	2532	1	142	2533	Finish
2533	T3	0	10	2533	1	142	2534	Finish
2534	T3	0	10	2534	1	142	2535	Finish
2535	T3	0	10	2535	1	142	2536	Finish
2536	T3	0	10	2536	1	142	2537	Finish
2537	T3	0	10	2537	1	142	2538	Finish
2538	T3	0	10	2538	1	142	2539	Finish
2539	T3	0	10	2539	1	142	2540	Finish
2540	T5	1	5	2540	1	146	2541	 
2541	T5	1	5	2541	1	146	2542	 
2542	T5	1	5	2542	1	146	2543	 
2543	T5	1	5	2543	1	146	2544	 
2544	T5	1	5	2544	1	146	2545	Finish
2545	T5	1	5	2545	1	146	2546	Finish
2546	T5	1	5	2546	1	146	2547	Finish
2547	T5	1	5	2547	1	146	2548	Finish
2548	T5	1	5	2548	1	146	2549	Finish
2549	T5	1	5	2549	1	146	2550	Finish
2550	T5	1	5	2550	1	146	2551	Finish
2551	T5	1	5	2551	1	146	2552	Finish
2552	T5	1	5	2552	1	146	2553	Finish
2553	T5	1	5	2553	1	146	2554	Finish
2554	T5	1	5	2554	1	146	2555	Finish
2555	T5	1	5	2555	1	146	2556	Finish
2556	T5	1	5	2556	1	146	2557	Finish
2557	T5	1	5	2557	1	146	2558	Finish
2558	T5	1	5	2558	1	146	2559	Finish
2559	T5	1	5	2559	1	146	2560	Finish
2560	T5	1	5	2560	1	146	2561	Finish
2561	T5	1	5	2561	1	146	2562	Finish
2562	T5	1	5	2562	1	146	2563	Finish
2563	T5	1	5	2563	1	146	2564	Finish
2564	T5	1	5	2564	1	146	2565	Finish
2565	T5	1	5	2565	1	146	2566	Finish
2566	T5	1	5	2566	1	146	2567	Finish
2567	T5	1	5	2567	1	146	2568	Finish
2568	T5	1	5	2568	1	146	2569	Finish
2569	T5	1	5	2569	1	146	2570	Finish
2570	T5	1	5	2570	1	146	2571	Finish
2571	T5	1	5	2571	1	146	2572	Finish
2572	T5	1	5	2572	1	146	2573	Finish
2573	T5	1	5	2573	1	146	2574	Finish
2574	T5	1	5	2574	1	146	2575	Finish
2575	T5	1	5	2575	1	146	2576	Finish
2576	T5	1	5	2576	1	146	2577	Finish
2577	T5	1	5	2577	1	146	2578	Finish
2578	T5	1	5	2578	1	146	2579	Finish
2579	T5	1	5	2579	1	146	2580	Finish
2580	T5	1	5	2580	1	146	2581	Finish
2581	T5	1	5	2581	1	146	2582	Finish
2582	T5	1	5	2582	1	146	2583	Finish
2583	T5	1	5	2583	1	146	2584	Finish
2584	T5	1	5	2584	1	146	2585	Finish
2585	T5	1	5	2585	1	146	2586	Finish
2586	T5	1	5	2586	1	146	2587	Finish
2587	T5	1	5	2587	1	146	2588	Finish
2588	T5	1	5	2588	1	146	2589	Finish
2589	T5	1	5	2589	1	146	2590	Finish
2590	T5	1	5	2590	1	146	2591	Finish
2591	T5	1	5	2591	1	146	2592	Finish
2592	T5	1	5	2592	1	146	2593	Finish
2593	T5	1	5	2593	1	146	2594	Finish
2594	T5	1	5	2594	1	146	2595	Finish
2595	T5	1	5	2595	1	146	2596	Finish
2596	T5	1	5	2596	1	146	2597	Finish
2597	T5	1	5	2597	1	146	2598	Finish
2598	T5	1	5	2598	1	146	2599	Finish
2599	T5	1	5	2599	1	146	2600	Finish
2600	T5	1	5	2600	1	146	2601	Finish
2601	T5	1	5	2601	1	146	2602	Finish
2602	T5	1	5	2602	1	146	2603	Finish
2603	T5	1	5	2603	1	146	2604	Finish
2604	T5	1	5	2604	1	146	2605	Finish
2605	T5	1	5	2605	1	146	2606	Finish
2606	T5	1	5	2606	1	146	2607	Finish
2607	T5	1	5	2607	1	146	2608	Finish
2608	T5	1	5	2608	1	146	2609	Finish
2609	T5	1	5	2609	1	146	2610	Finish
2610	T5	1	5	2610	1	146	2611	Finish
2611	T5	1	5	2611	1	146	2612	Finish
2612	T5	1	5	2612	1	146	2613	Finish
2613	T5	1	5	2613	1	146	2614	Finish
2614	T5	1	5	2614	1	146	2615	Finish
2615	T5	1	5	2615	1	146	2616	Finish
2616	T5	1	5	2616	1	146	2617	Finish
2617	T5	1	5	2617	1	146	2618	Finish
2618	T5	1	5	2618	1	146	2619	Finish
2619	T5	1	5	2619	1	146	2620	Finish
2620	T5	1	5	2620	1	146	2621	Finish
2621	T5	1	5	2621	1	146	2622	Finish
2622	T5	1	5	2622	1	146	2623	Finish
2623	T5	1	5	2623	1	146	2624	Finish
2624	T5	1	5	2624	1	146	2625	Finish
2625	T5	1	5	2625	1	146	2626	Finish
2626	T5	1	5	2626	1	146	2627	Finish
2627	T5	1	5	2627	1	146	2628	Finish
2628	T5	1	5	2628	1	146	2629	Finish
2629	T5	1	5	2629	1	146	2630	Finish
2630	T5	1	5	2630	1	146	2631	Finish
2631	T5	1	5	2631	1	146	2632	Finish
2632	T5	1	5	2632	1	146	2633	Finish
2633	T5	1	5	2633	1	146	2634	Finish
2634	T5	1	5	2634	1	146	2635	Finish
2635	T5	1	5	2635	1	146	2636	Finish
2636	T5	1	5	2636	1	146	2637	Finish
2637	T5	1	5	2637	1	146	2638	Finish
2638	T5	1	5	2638	1	146	2639	Finish
2639	T5	1	5	2639	1	146	2640	Finish
